1667793515.896094 0.0000000 0.0000000 0.0000000 -0.0000000 -0.0000000 -0.0000000 1.0000000
1667793516.429818 0.0023024 -0.0003758 0.0003951 -0.0021534 -0.0026858 -0.0012646 0.9999933
1667793516.563249 0.0030781 -0.0002926 0.0006391 -0.0017846 -0.0060384 -0.0008272 0.9999799
1667793517.030255 0.0048998 -0.0006015 0.0018905 -0.0012060 -0.0107595 -0.0002643 0.9999413
1667793517.498826 0.0071001 -0.0009520 0.0025076 -0.0015140 -0.0097066 -0.0018453 0.9999501
1667793517.566334 0.0073728 -0.0008783 0.0027136 -0.0014438 -0.0107134 -0.0020829 0.9999394
1667793518.976431 0.0136997 -0.0016225 0.0059367 -0.0066848 -0.0175492 -0.0022981 0.9998210
1667793519.109794 0.0142819 -0.0016138 0.0064957 -0.0072023 -0.0193168 -0.0026155 0.9997841
1667793520.320668 0.0226757 -0.0020211 0.0093101 -0.0081035 -0.0769695 -0.0009696 0.9970001
1667793520.388839 0.0226914 -0.0019769 0.0094942 -0.0088398 -0.0843610 -0.0013994 0.9963951
1667793521.588083 0.0232409 -0.0019104 0.0134395 -0.0096230 -0.0905357 -0.0002992 0.9958467
1667793523.461439 0.0240544 -0.0017414 0.0185454 -0.0106253 -0.0894037 -0.0016463 0.9959374
1667793525.002429 0.0250962 -0.0017096 0.0234605 -0.0089582 -0.0884256 -0.0020233 0.9960405
1667793526.070439 0.0318083 -0.0018908 0.0267017 -0.0102704 -0.1008051 -0.0024720 0.9948502
1667793526.608191 0.0343600 -0.0019271 0.0284934 -0.0098792 -0.1066190 -0.0033023 0.9942454
1667793527.602391 0.0369365 -0.0019965 0.0314906 -0.0108338 -0.1136468 -0.0010230 0.9934616
1667793529.669396 0.0423161 -0.0030961 0.0375366 -0.0136949 -0.1206074 -0.0037546 0.9925987
1667793530.205718 0.0434722 -0.0028550 0.0389130 -0.0137446 -0.1225025 -0.0036941 0.9923662
1667793542.384953 0.0639474 -0.0029502 0.0764307 -0.0173736 -0.2889859 -0.0071729 0.9571488
1667793543.929459 0.0624391 -0.0027123 0.0800354 -0.0192181 -0.2839948 -0.0071529 0.9586065
1667793544.397622 0.0617160 -0.0026182 0.0815091 -0.0195072 -0.2787216 -0.0073431 0.9601458
1667793545.463750 0.0627409 -0.0021854 0.0803272 -0.0125625 -0.1305079 -0.0153735 0.9912485
1667793548.796786 0.0615738 -0.0021058 0.0874319 -0.0127008 -0.0802057 -0.0121357 0.9966236
1667793548.931460 0.0615888 -0.0019900 0.0879378 -0.0112672 -0.0776395 -0.0151505 0.9968027
1667793549.740109 0.0613111 -0.0019644 0.0895997 -0.0084732 -0.0710795 -0.0143934 0.9973308
1667793550.073956 0.0611371 -0.0021186 0.0901598 -0.0095593 -0.0766911 -0.0100824 0.9969581
1667793550.206907 0.0610478 -0.0020690 0.0904893 -0.0110358 -0.0927016 -0.0099248 0.9955834
1667793552.466728 0.0578880 -0.0016834 0.0971564 -0.0237033 -0.3336917 -0.0040661 0.9423755
1667793552.798955 0.0569760 -0.0016323 0.0978797 -0.0246262 -0.3621253 -0.0033318 0.9317981
1667793553.530191 0.0550329 -0.0015170 0.0997767 -0.0246206 -0.3789644 -0.0038723 0.9250756
1667793553.995444 0.0541734 -0.0014072 0.1006947 -0.0235848 -0.3775173 -0.0037029 0.9256948
1667793554.194887 0.0537534 -0.0013674 0.1011047 -0.0229259 -0.3752658 -0.0011263 0.9266331
1667793554.992450 0.0521856 -0.0012044 0.1026751 -0.0219598 -0.3746840 -0.0008966 0.9268920
1667793555.723549 0.0511425 -0.0011454 0.1040316 -0.0238179 -0.3691041 -0.0027725 0.9290787
1667793555.856467 0.0509677 -0.0011065 0.1043313 -0.0235708 -0.3538023 -0.0043645 0.9350130
1667793556.122407 0.0506774 -0.0010781 0.1049036 -0.0230834 -0.3181195 -0.0057424 0.9477522
1667793556.321820 0.0505031 -0.0010790 0.1052728 -0.0227293 -0.2998634 -0.0055790 0.9536951
1667793557.322259 0.0498940 -0.0010073 0.1065325 -0.0210230 -0.2533691 -0.0064525 0.9671198
1667793558.194566 0.0492126 -0.0009237 0.1079910 -0.0218923 -0.2519898 -0.0055997 0.9674661
1667793558.666300 0.0489199 -0.0008851 0.1086006 -0.0210530 -0.2514956 -0.0069004 0.9676049
1667793559.404246 0.0484265 -0.0008277 0.1095269 -0.0205173 -0.2480465 -0.0045584 0.9685201
1667793563.866253 0.0465248 -0.0005829 0.1130827 -0.0128084 -0.2405286 -0.0032627 0.9705521
1667793565.132389 0.0461564 -0.0005449 0.1141255 -0.0519603 -0.2365659 -0.0109231 0.9701636
1667793568.802128 0.0447058 -0.0002531 0.1165310 -0.0298719 -0.2505734 -0.0005594 0.9676365
1667793570.201453 0.0433079 0.0000050 0.1182757 -0.0331112 -0.3275956 -0.0004765 0.9442375
1667793570.601245 0.0428694 0.0000527 0.1188163 -0.0343467 -0.3295650 0.0000161 0.9435079
1667793571.267579 0.0420884 0.0001841 0.1198417 -0.0407173 -0.3250928 -0.0052656 0.9447905
1667793572.136916 0.0410322 0.0003298 0.1211682 -0.0377732 -0.3237557 -0.0055037 0.9453704
1667793572.406727 0.0406976 0.0003624 0.1215846 -0.0367400 -0.3211251 -0.0024538 0.9463207
1667793572.676674 0.0403509 0.0004207 0.1220416 -0.0374339 -0.3229241 -0.0031419 0.9456790
1667793572.879213 0.0401097 0.0004632 0.1223479 -0.0371374 -0.3231178 -0.0019295 0.9456279
1667793573.145476 0.0398118 0.0004900 0.1227603 -0.0371230 -0.3220361 -0.0014533 0.9459982
1667793573.411697 0.0394929 0.0005277 0.1232002 -0.0357286 -0.3203694 -0.0016828 0.9466172
1667793573.744415 0.0390721 0.0005963 0.1237533 -0.0354886 -0.3202682 -0.0013078 0.9466611
1667793574.279570 0.0384273 0.0006808 0.1246004 -0.0353021 -0.3187567 -0.0026885 0.9471751
1667793575.216577 0.0374568 0.0008175 0.1259821 -0.0322325 -0.3050776 -0.0043184 0.9517721
1667793575.549737 0.0371378 0.0008397 0.1264069 -0.0295829 -0.3037246 -0.0057227 0.9522833
1667793575.816241 0.0368642 0.0008871 0.1266843 -0.0306073 -0.3129613 -0.0041077 0.9492637
1667793576.349310 0.0361528 0.0009316 0.1273061 -0.0306367 -0.3645079 -0.0044619 0.9306855
1667793576.549204 0.0358475 0.0009852 0.1275384 -0.0329894 -0.3825402 -0.0041404 0.9233404
1667793576.749085 0.0355627 0.0010052 0.1278103 -0.0347313 -0.3971163 -0.0040288 0.9171020
1667793576.948968 0.0353068 0.0010257 0.1280527 -0.0341073 -0.3995945 -0.0029096 0.9160527
1667793577.415438 0.0346488 0.0010945 0.1286777 -0.0336792 -0.3972777 -0.0040766 0.9170712
1667793577.615334 0.0343890 0.0011129 0.1289307 -0.0326699 -0.3971625 -0.0045259 0.9171554
1667793577.948471 0.0339473 0.0011618 0.1293587 -0.0329957 -0.3951820 -0.0025079 0.9180067
1667793578.215038 0.0335767 0.0012090 0.1297372 -0.0352348 -0.3923931 -0.0029363 0.9191179
1667793578.548218 0.0330646 0.0012712 0.1302395 -0.0351323 -0.3909160 -0.0041737 0.9197462
1667793578.814738 0.0326663 0.0013092 0.1306103 -0.0341371 -0.3913840 -0.0036323 0.9195869
1667793579.214572 0.0320484 0.0013762 0.1312024 -0.0349233 -0.3905008 -0.0035840 0.9199330
1667793579.481121 0.0316243 0.0014434 0.1316330 -0.0389655 -0.3891456 -0.0027891 0.9203476
1667793579.747650 0.0311882 0.0015031 0.1320551 -0.0420137 -0.3873395 -0.0044339 0.9209687
1667793580.014181 0.0308024 0.0015403 0.1324672 -0.0419676 -0.3866887 -0.0037819 0.9212471
1667793580.280745 0.0303747 0.0015955 0.1328956 -0.0407237 -0.3874658 -0.0033084 0.9209782
1667793580.547289 0.0299326 0.0016654 0.1333426 -0.0439136 -0.3857969 -0.0025775 0.9215344
1667793580.813812 0.0295030 0.0017433 0.1337833 -0.0460630 -0.3844752 -0.0016660 0.9219839
1667793581.080357 0.0290795 0.0018101 0.1341966 -0.0492337 -0.3843312 -0.0039021 0.9218733
1667793581.346905 0.0286206 0.0018489 0.1346405 -0.0465426 -0.3830056 -0.0058307 0.9225544
1667793581.613431 0.0281788 0.0019088 0.1350641 -0.0454457 -0.3832999 -0.0091053 0.9224603
1667793581.946161 0.0276477 0.0019504 0.1356171 -0.0377474 -0.3808934 -0.0074539 0.9238181
1667793582.283283 0.0271438 0.0019966 0.1361336 -0.0311954 -0.3798074 -0.0084692 0.9245006
1667793582.553134 0.0267060 0.0020264 0.1365573 -0.0247158 -0.3788022 -0.0089688 0.9251041
1667793582.823120 0.0262735 0.0020778 0.1369978 -0.0256486 -0.3767120 -0.0081715 0.9259393
1667793583.158421 0.0257581 0.0021195 0.1375151 -0.0259006 -0.3764020 -0.0099769 0.9260406
1667793583.424640 0.0253679 0.0021524 0.1379236 -0.0243608 -0.3766745 -0.0085622 0.9259858
1667793583.757355 0.0248565 0.0022052 0.1384513 -0.0262054 -0.3751640 -0.0072381 0.9265597
1667793584.023496 0.0244970 0.0022424 0.1388179 -0.0255289 -0.3744619 -0.0076205 0.9268595
1667793584.356298 0.0240799 0.0022804 0.1393176 -0.0248054 -0.3734348 -0.0082501 0.9272880
1667793584.689034 0.0236006 0.0023247 0.1398096 -0.0251295 -0.3720425 -0.0087418 0.9278343
1667793585.021736 0.0232193 0.0023663 0.1402599 -0.0251786 -0.3705207 -0.0072623 0.9284545
1667793585.421101 0.0228295 0.0024156 0.1406667 -0.0285785 -0.3730481 -0.0078540 0.9273385
1667793585.687293 0.0227739 0.0024150 0.1407226 -0.0293678 -0.3704806 -0.0085400 0.9283366
1667793585.953420 0.0227751 0.0024137 0.1407147 -0.0270431 -0.3704803 -0.0082131 0.9284103
1667793590.554902 0.0227755 0.0024103 0.1407181 -0.0276130 -0.3706504 -0.0080255 0.9283273
