1668742193.533741 0.0000000 0.0000000 0.0000000 -0.0000000 -0.0000000 -0.0000000 1.0000000
1668742194.799841 0.0011103 0.0005544 0.0491917 -0.0010743 0.0051180 0.0001052 0.9999864
1668742196.199194 0.0022100 0.0023143 0.1206519 0.0012861 0.0102392 0.0001489 0.9999468
1668742196.532341 0.0029049 0.0027124 0.1416909 0.0012890 0.0105947 0.0012066 0.9999424
1668742196.732282 0.0035623 0.0031733 0.1543954 0.0020473 0.0123921 0.0009296 0.9999207
1668742196.865569 0.0036982 0.0034249 0.1629887 0.0022569 0.0124765 0.0005390 0.9999195
1668742198.131681 0.0069603 0.0049533 0.2472040 0.0010203 0.0199711 -0.0007038 0.9997998
1668742198.731395 0.0091297 0.0061271 0.2880975 0.0010845 0.0217083 -0.0009125 0.9997634
1668742198.864681 0.0097539 0.0061979 0.2973378 0.0007125 0.0229049 -0.0017411 0.9997359
1668742198.997961 0.0099408 0.0066910 0.3061986 0.0004215 0.0230160 -0.0016603 0.9997336
1668742199.131235 0.0104693 0.0070715 0.3144641 -0.0007894 0.0227604 -0.0020536 0.9997386
1668742199.397768 0.0112658 0.0070173 0.3287649 0.0002012 0.0225568 -0.0010947 0.9997450
1668742202.796295 0.0508273 0.0066318 0.3626445 0.0005675 0.0251904 -0.0014488 0.9996815
1668742202.996217 0.0566106 0.0064170 0.3623696 0.0006711 0.0234362 -0.0012812 0.9997243
1668742203.462655 0.0705185 0.0061571 0.3622247 0.0005354 0.0239644 -0.0018231 0.9997110
1668742203.662574 0.0760515 0.0060032 0.3623465 0.0002916 0.0253592 -0.0012969 0.9996775
1668742203.862506 0.0811651 0.0058901 0.3621396 0.0000815 0.0249002 -0.0013933 0.9996890
1668742204.328967 0.0941290 0.0056983 0.3624164 -0.0004763 0.0237446 -0.0005831 0.9997178
1668742204.595501 0.1023887 0.0053376 0.3624763 -0.0006286 0.0213562 0.0000528 0.9997717
1668742204.862079 0.1111726 0.0050175 0.3623006 0.0009399 0.0227392 0.0001477 0.9997410
1668742205.062000 0.1178885 0.0049628 0.3623161 0.0017196 0.0216603 -0.0006686 0.9997637
1668742205.395174 0.1314557 0.0046226 0.3617735 0.0013078 0.0232164 -0.0006580 0.9997294
1668742205.661719 0.1430823 0.0045199 0.3615689 0.0007841 0.0229743 0.0002742 0.9997357
1668742206.194831 0.1630044 0.0038367 0.3619842 0.0008679 0.0206711 0.0008201 0.9997856
1668742206.461354 0.1737011 0.0037076 0.3621160 0.0008795 0.0211965 -0.0000651 0.9997749
1668742206.727911 0.1848258 0.0033129 0.3620358 0.0015347 0.0215869 -0.0000971 0.9997658
1668742206.994476 0.1964003 0.0030717 0.3623492 0.0003038 0.0213039 -0.0006998 0.9997728
1668742207.261018 0.2074475 0.0028824 0.3624745 -0.0004292 0.0217351 -0.0007153 0.9997634
1668742207.527376 0.2185759 0.0026293 0.3621344 -0.0006774 0.0206518 -0.0010850 0.9997860
1668742207.795737 0.2303145 0.0019725 0.3621791 -0.0005596 0.0191921 -0.0019007 0.9998139
1668742208.064257 0.2420656 0.0017407 0.3624915 0.0002611 0.0193229 -0.0021746 0.9998109
1668742208.332937 0.2542830 0.0015902 0.3626179 -0.0002194 0.0200979 -0.0024683 0.9997950
1668742208.601454 0.2667372 0.0015652 0.3630394 -0.0014232 0.0198765 -0.0022330 0.9997990
1668742208.935075 0.2806976 0.0010141 0.3632905 -0.0013916 0.0184734 -0.0022093 0.9998260
1668742209.402145 0.2998526 0.0004798 0.3638153 -0.0013504 0.0162090 -0.0022918 0.9998651
1668742210.269541 0.3286857 -0.0000758 0.3643752 -0.0017598 0.0175340 0.0005075 0.9998446
1668742211.136932 0.3289195 -0.0006449 0.3453721 -0.0009323 0.0149026 -0.0006360 0.9998884
1668742211.403821 0.3285278 -0.0008524 0.3368311 -0.0030481 0.0144911 0.0002845 0.9998903
1668742211.670711 0.3280763 -0.0012769 0.3262603 -0.0022654 0.0122121 0.0003307 0.9999228
1668742212.071046 0.3274089 -0.0015269 0.3098158 -0.0013300 0.0110588 -0.0008051 0.9999377
1668742212.471381 0.3272056 -0.0018202 0.2944262 -0.0029086 0.0094655 -0.0010454 0.9999505
1668742212.804993 0.3269535 -0.0022733 0.2792510 -0.0022909 0.0091147 0.0002660 0.9999558
1668742213.672360 0.3257049 -0.0033396 0.2349764 -0.0020056 0.0050175 -0.0008642 0.9999850
1668742214.005898 0.3253917 -0.0038848 0.2170284 -0.0013831 0.0040236 -0.0009236 0.9999905
1668742214.406137 0.3249628 -0.0044247 0.1954284 -0.0005529 0.0017706 -0.0011314 0.9999976
1668742214.806331 0.3248123 -0.0047427 0.1740447 -0.0010520 0.0011797 -0.0019472 0.9999969
1668742215.273175 0.3246261 -0.0055238 0.1491005 -0.0006520 -0.0013150 -0.0009799 0.9999985
1668742216.140133 0.3242801 -0.0064627 0.1035778 -0.0021108 -0.0035508 -0.0018647 0.9999897
1668742216.673604 0.3245144 -0.0076314 0.0747691 -0.0021660 -0.0062283 -0.0008283 0.9999779
1668742218.207063 0.3252402 -0.0087528 -0.0112582 -0.0001163 -0.0135534 -0.0017284 0.9999067
1668742219.540312 0.3270883 -0.0116364 -0.0844673 0.0000025 -0.0181830 -0.0020806 0.9998325
1668742220.073605 0.3286837 -0.0125162 -0.1148230 -0.0010291 -0.0204764 0.0005163 0.9997897
1668742220.673521 0.3272854 -0.0110897 -0.1302465 0.0039531 -0.0205010 0.0024679 0.9997790
1668742221.273420 0.3016887 -0.0119193 -0.1315220 0.0020373 -0.0162934 0.0006537 0.9998650
1668742221.739999 0.2823451 -0.0115828 -0.1323690 -0.0000009 -0.0155587 0.0012472 0.9998782
1668742225.539398 0.1073606 -0.0072010 -0.1417138 -0.0003112 -0.0102389 0.0002098 0.9999475
1668742229.339787 -0.0707059 -0.0026300 -0.1490952 0.0016870 -0.0035386 -0.0007429 0.9999921
1668742229.939938 -0.0981795 -0.0012902 -0.1494098 0.0023268 -0.0051721 0.0004751 0.9999838
1668742231.006854 -0.1073196 -0.0026431 -0.1458908 0.0091083 -0.0039669 0.0007684 0.9999503
1668742236.474479 -0.0979052 0.0071154 0.2095554 0.0017747 0.0246995 -0.0001546 0.9996933
1668742239.475054 -0.0842785 0.0112211 0.3993726 0.0014964 0.0385930 -0.0023029 0.9992512
1668742240.008471 -0.0829189 0.0119000 0.4148663 -0.0010309 0.0397282 -0.0024760 0.9992069
1668742240.541873 -0.0737175 0.0115649 0.4148991 0.0017690 0.0377672 -0.0054046 0.9992704
1668742243.878558 0.0243398 0.0088064 0.4116133 0.0015067 0.0340507 -0.0016120 0.9994177
1668742244.553926 0.0442795 0.0082577 0.4113208 0.0006893 0.0353249 -0.0035241 0.9993694
1668742245.154860 0.0655590 0.0077436 0.4105865 0.0012483 0.0340167 -0.0027424 0.9994167
1668742248.151772 0.2109149 0.0040680 0.4076484 0.0009699 0.0283905 -0.0002947 0.9995964
1668742251.748095 0.2731765 0.0007258 0.3396176 -0.0005939 0.0218302 -0.0016084 0.9997603
1668742252.347527 0.2719543 0.0001254 0.3125786 -0.0009846 0.0190097 -0.0009059 0.9998184
1668742253.146789 0.2707703 -0.0009332 0.2783956 -0.0013060 0.0163719 -0.0015915 0.9998639
1668742253.946057 0.2692470 -0.0017721 0.2425147 -0.0003693 0.0145143 -0.0011912 0.9998939
1668742254.745301 0.2679129 -0.0026859 0.2084801 -0.0000563 0.0108217 -0.0010544 0.9999409
1668742255.411319 0.2675404 -0.0030270 0.1762590 -0.0013291 0.0102085 -0.0006833 0.9999468
1668742256.343708 0.2661267 -0.0046560 0.1284109 0.0007277 0.0046721 -0.0014232 0.9999878
1668742257.276165 0.2652832 -0.0058030 0.0836445 -0.0020903 0.0027639 -0.0005288 0.9999939
1668742260.747250 0.2650387 -0.0102462 -0.1101297 -0.0019850 -0.0110489 0.0005041 0.9999369
1668742261.614170 0.2656582 -0.0116411 -0.1486795 0.0080233 -0.0125292 0.0012652 0.9998885
1668742262.414356 0.2350951 -0.0107058 -0.1489800 0.0004903 -0.0117571 0.0005587 0.9999306
1668742264.948493 0.0996889 -0.0068536 -0.1547171 -0.0003855 -0.0081128 -0.0000209 0.9999670
1668742267.082410 -0.0100429 -0.0044459 -0.1590022 0.0008509 -0.0054827 -0.0012146 0.9999839
1668742271.162672 -0.1055411 0.0002029 -0.0685119 0.0016084 0.0057558 0.0006350 0.9999819
1668742276.357605 -0.0912843 0.0086922 0.2796013 0.0010796 0.0304414 -0.0012958 0.9995351
1668742278.289248 -0.0817934 0.0115198 0.4068252 0.0018894 0.0385290 -0.0022768 0.9992532
1668742278.888627 -0.0800387 0.0121119 0.4291620 -0.0099034 0.0383549 -0.0014309 0.9992141
1668742279.554615 -0.0760610 0.0115001 0.4270097 0.0011699 0.0365901 -0.0048739 0.9993178
1668742280.820225 -0.0131666 0.0101804 0.4257190 0.0003995 0.0342989 -0.0025502 0.9994083
1668742281.419703 0.0193349 0.0093551 0.4243127 0.0017533 0.0330402 -0.0023533 0.9994497
1668742282.152346 0.0590307 0.0081820 0.4230480 0.0011137 0.0330155 -0.0022276 0.9994518
1668742283.684210 0.1416332 0.0063305 0.4211270 0.0004145 0.0291483 -0.0013107 0.9995742
1668742284.483562 0.1870296 0.0047144 0.4202887 -0.0001976 0.0276641 0.0003475 0.9996172
1668742285.282884 0.2318122 0.0029689 0.4192734 0.0003321 0.0271260 -0.0030707 0.9996273
1668742285.883402 0.2656701 0.0025698 0.4197097 -0.0004362 0.0258529 -0.0039043 0.9996580
1668742286.285976 0.2868291 0.0014629 0.4186259 0.0010100 0.0258820 -0.0047891 0.9996530
1668742286.889268 0.3155797 0.0009895 0.4190247 0.0028513 0.0247464 -0.0027076 0.9996861
1668742287.622837 0.3197581 0.0016073 0.4177737 -0.0002256 0.0260621 -0.0007890 0.9996600
1668742290.624100 0.3128931 -0.0023133 0.2658329 -0.0001109 0.0120052 -0.0007724 0.9999276
1668742291.357674 0.3115242 -0.0033148 0.2208384 -0.0004762 0.0089597 -0.0010283 0.9999592
1668742292.091266 0.3104978 -0.0044448 0.1756987 -0.0020504 0.0059389 -0.0016942 0.9999788
1668742294.825801 0.3090068 -0.0081155 0.0304842 0.0001030 -0.0041360 -0.0009929 0.9999909
1668742295.892897 0.3003532 -0.0077736 0.0061768 -0.0037811 -0.0052080 0.0014564 0.9999782
1668742296.759892 0.2560618 -0.0078946 0.0049731 -0.0011226 -0.0008285 0.0002457 0.9999990
1668742297.560182 0.2134350 -0.0058033 0.0029330 -0.0022245 -0.0011475 0.0003479 0.9999968
1668742298.360462 0.1683542 -0.0041600 0.0016013 -0.0005909 0.0005698 -0.0005626 0.9999995
1668742302.962309 -0.0822645 0.0014522 0.0050379 0.0037626 0.0061666 -0.0010984 0.9999733
1668742303.695905 -0.0815970 0.0024731 0.0414275 0.0028215 0.0116541 -0.0000766 0.9999281
1668742304.296150 -0.0805711 0.0033932 0.0827931 -0.0004631 0.0146178 -0.0014578 0.9998920
1668742305.496618 -0.0776467 0.0056886 0.1624606 0.0027228 0.0208846 -0.0007893 0.9997779
1668742306.230259 -0.0749671 0.0067485 0.2120404 0.0016257 0.0254532 -0.0018205 0.9996731
1668742306.963945 -0.0717061 0.0079247 0.2613372 0.0000114 0.0282584 -0.0010712 0.9996001
1668742307.630990 -0.0685932 0.0086454 0.3059694 0.0012617 0.0321249 -0.0004957 0.9994830
1668742308.364640 -0.0652498 0.0095083 0.3525403 0.0009947 0.0346516 -0.0012920 0.9993981
1668742309.231667 -0.0646742 0.0100556 0.3648060 0.0014785 0.0337204 -0.0008924 0.9994298
1668742311.365973 -0.0646804 0.0100384 0.3647296 0.0016587 0.0338024 -0.0010516 0.9994266
