            0.599954 0 0 0 -0.000667854 -0.000126044  8.12084e-05 0 0 0    0    0 0.28   -0.0028372 -0.000908088  0.000462551  0.00013671 -0.00019086 -0.00123483 0 0 0 0.0850377 0.0643863   9.80842 
            0.799973 -0.00155522  0.00399537  0.00279659 -0.00646428 -0.00580884 9.78578e-05 0 0 0    0    0 0.28 -0.00643112  -0.0034615 0.000345882 0.000136612 -0.00019077 -0.00123483 3.31574e-07 3.54613e-07  2.6626e-09 0.0850374  0.064386   9.80842 
             1.00125 -0.00178953  0.00312731  -0.0193983   0.00121623   -0.0112387 -0.000163757 0 0 0    0    0 0.28    0.0153923   -0.0157274 -0.000410037  0.000133308 -0.000192752  -0.00121395 -1.18867e-05  6.76937e-06  4.90913e-07 0.0850492 0.0643798   9.80842 
             1.40009 -0.0018369 0.00367386  -0.033315 0.00273789 0.00787537 -0.0010057 0 0 0    0    0 0.28  0.00539519   0.0343833 -0.00133045  0.000385155 -0.000161472  -0.00120046 0.00194589 -0.0153956 0.00119692 0.0831782 0.0791959   9.80833 
             1.59999 -0.00166987  0.00419131  -0.0028948   -0.0127364  -0.00711385 -0.000166962 0 0 0    0    0 0.28 -0.0333386 -0.0104721 0.00119213  0.000239189 -5.95312e-05  -0.00126174   0.0116864 -0.00202694 8.64831e-05 0.0737954 0.0663496    9.8085 
             1.80133 -0.00132149   0.0046327  -0.0271487  -0.0123799 -0.00506344   -5.92e-05 0 0 0    0    0 0.28 -0.0192818 0.00124738 0.00105628  0.000236757 -6.36246e-05  -0.00123112  0.00712807 -0.00453084 0.000250267  0.078172 0.0687586   9.80845 
             2.00136 -0.00144003  0.00405949  -0.0381427  -0.00296083  0.000431733 -0.000740278 0 0 0    0    0 0.28   0.0135594   0.0169946 -0.00167229  0.000263539 -0.000122937  -0.00122401 -0.0018794 -0.0080833 0.00116806 0.0868279 0.0721711   9.80835 
             2.19998 -0.00107544   0.0036593  -0.0119269  -0.00279813   0.00318518 -0.000693141 0 0 0    0    0 0.28   0.00695937     0.017191 -0.000407394  0.000253254 -0.000102657  -0.00125899 -0.000366884  -0.00755434  0.000826508  0.085373 0.0716628   9.80837 
             2.40006 -0.000819294   0.00411583  -0.00263641  -0.00929706   0.00136035 -0.000684731 0 0 0    0    0 0.28   -0.0144161    0.0046971 -0.000196422  0.000196909 -2.37209e-05  -0.00127619  0.00394357 -0.00448431 0.000766027  0.081237 0.0687204   9.80842 
             2.80142 -0.00134856  0.00430514  -0.0168362   -0.0114582   -0.0091777 -0.000673757 0 0 0    0    0 0.28  -0.0110859  -0.0163482 0.000543275  0.000151868 -4.69329e-05  -0.00125887 0.00237452 0.00014632 0.00075963 0.0827427 0.0642821   9.80844 
             3.00002 -0.00116852   0.0035131  -0.0139814   0.00176865   0.00445848 -0.000323809 0 0 0    0    0 0.28   0.0201367   0.0197783 0.000785172  0.000161962 -6.28272e-05  -0.00127218 -0.00243906 -0.00507532 0.000543787 0.0873536 0.0692794   9.80837 
             3.40144 -0.000868583   0.00380187   0.00205537 -0.00826284  0.00121851 -0.00117044 0 0 0    0    0 0.28  -0.0122248   0.0013317 -0.00156575   0.00017217 -8.31163e-05  -0.00129542  0.00136291 -0.00258664  0.00115803 0.0837184 0.0669096   9.80841 
             3.60136 -0.00132263  0.00361899  -0.0193108 -0.00205688 -0.00356846 -0.00079622 0 0 0    0    0 0.28  0.00413115 -0.00867591 7.71444e-05 0.000143503 -0.00014133 -0.00127482 -0.000660412  -0.00141145  0.000840088 0.0856494 0.0657842   9.80841 
             4.00014 -0.00107685  0.00325591 -0.00646067  0.000268069 -0.000692207  -0.00147323 0 0 0    0    0 0.28  0.00435364  0.00261912 -0.00134065  0.000146043 -0.000141729  -0.00129816 -0.000834729  -0.00262552   0.00122212 0.0858194 0.0669448    9.8084 
             4.20151 -0.00124555  0.00360017  -0.0013392  -0.00294895   0.00284633 -0.000344207 0 0 0    0    0 0.28 -0.00499514  0.00955821   0.0019012   0.00015933 -0.000127916  -0.00131058 -3.6479e-05  -0.0032288 0.000668345 0.0850537 0.0675174    9.8084 
             4.40147 -0.0010583 0.00373491 -0.0138114  -0.00504924 -5.30363e-05  -0.00102483 0 0 0    0    0 0.28  -0.00924517  -0.00168529 -0.000867396  0.000140055 -0.000126056  -0.00129823 0.000207997 -0.00198118  0.00135028 0.0848274 0.0663342   9.80841 
              4.6002 -0.00100381  0.00315168 -0.00670726   0.00218652   0.00200341 -0.000752451 0 0 0    0    0 0.28   0.0123378  0.00466388 0.000304169  0.000126838 -8.59377e-05  -0.00131224 -0.00284739 -0.00282177  0.00106235  0.087731 0.0671316   9.80838 
             5.00153 -0.00106205  0.00317702  0.00439158 0.000570359  0.00410969 -0.00103416 0 0 0    0    0 0.28   0.00151977   0.00583284 -0.000643458 0.000129202 -0.00011806 -0.00132996 -0.00132179 -0.00281857  0.00116787  0.086282 0.0671301   9.80839 
             5.20148 -0.00115236  0.00340545  -0.0166927  -0.00288105 -0.000742539 -0.000885692 0 0 0    0    0 0.28  -0.00696336  -0.00615394 -0.000161554  0.000101248 -0.000104014  -0.00131307 -0.000703217  -0.00179992   0.00108551 0.0856946 0.0661629    9.8084 
             5.40022 -0.00136334  0.00353525  -0.0129572 -0.00222285  0.00222675 -0.00108087 0 0 0    0    0 0.28  -0.00252127   0.00413591 -0.000745369  0.000115941 -0.000115365  -0.00132049  -0.001106 -0.0026234  0.0011402 0.0860762 0.0669425   9.80839 
             5.60022  -0.00130702   0.00332359 -0.000261341  -9.5699e-05   0.00464565 -0.000872705 0 0 0    0    0 0.28  0.00369063  0.00817337 0.000105026  0.000109299 -0.000106393  -0.00134108 -0.00182735 -0.00307532  0.00096348 0.0867574 0.0673681   9.80838 
             5.80155 -0.00121121  0.00317584 -0.00301076 -0.00262179  0.00291014 -0.00109246 0 0 0    0    0 0.28  -0.00468977 -8.57395e-05 -0.000708471  0.000134665 -0.000130474  -0.00134115 -0.000897776  -0.00206228   0.00108503 0.0858796  0.066412    9.8084 
             6.00167 -0.00116129  0.00332796  -0.0145539 -0.00183643  0.00149021 -0.00142769 0 0 0    0    0 0.28 -0.00090457 -0.00370729 -0.00178685  0.000135131 -0.000129662  -0.00133117 -0.00133822 -0.00172593  0.00113489 0.0862959 0.0660949    9.8084 
             6.20023 -0.00115842  0.00327345  -0.0185162 -0.00020166  0.00114344 -0.00116408 0 0 0    0    0 0.28   0.00335955  -0.00233032 -0.000541361  0.000137012 -0.000141789  -0.00132956 -0.00174398 -0.00180691 0.000897674 0.0866761 0.0661697   9.80839 
             6.40023 -0.00133622  0.00269221  0.00105564   0.0032255  0.00243288 -0.00103235 0 0 0    0    0 0.28  0.00966497   0.0023739 -0.00043995  0.000140493 -0.000144795  -0.00135889 -0.00240168 -0.00222537 0.000759678 0.0872942 0.0665616   9.80839 
             6.60158  -0.0010455  0.00305167 -0.00968359  -0.0024084  0.00299713 -0.00161545 0 0 0    0    0 0.28 -0.00859903  0.00283167 -0.00193374  0.000142083 -0.000207247  -0.00134759 -0.000484003  -0.00223293  0.000995188 0.0854945 0.0665722    9.8084 
             7.00162 -0.00122644  0.00349536  -0.0152842 -0.00538962  0.00102141 -0.00101083 0 0 0    0    0 0.28 -0.00898453 -0.00222894 0.000149373  0.000158293 -0.000204518  -0.00134482 -0.000620497  -0.00171034  0.000610902 0.0856191 0.0660796    9.8084 
             7.20039 -0.00127108  0.00294941  -0.0136286  0.00104652  0.00258477 -0.00143373 0 0 0    0    0 0.28   0.00726105   0.00195252 -0.000691043  0.000160519 -0.000205939  -0.00135469  -0.0016971 -0.00197635 0.000725903 0.0866285  0.066328   9.80839 
             7.40163 -0.00126012  0.00298099  -0.0080452 -0.00166315  0.00264089 -0.00187416 0 0 0    0    0 0.28 -0.00321792  0.00134894 -0.00145936  0.000162603 -0.000208145  -0.00136393 -0.00113248 -0.00191517 0.000848388 0.0861026 0.0662729    9.8084 
             7.60162 -0.00106307  0.00340659  -0.0149966 -0.00357987  0.00224267  -0.0010157 0 0 0    0    0 0.28  -0.00664156 -0.000206589   0.00164188 0.000165287 -0.00021402 -0.00135683 -0.000903424  -0.00177461  0.000422078 0.0858851 0.0661398    9.8084 
             7.80163 -0.00102251  0.00313267 -0.00708763 -0.000855331    0.0046117  -0.00136528 0 0 0    0    0 0.28   0.00252012    0.0058529 -8.26195e-05  0.000144161 -0.000181133  -0.00136689 -0.00179782 -0.00231157  0.00066602 0.0867204 0.0666401   9.80839 
             8.00041 -0.000899605   0.00350088    -0.011752 -0.00111636  0.00264493 -0.00103757 0 0 0    0    0 0.28 0.000642718 -0.00198636  0.00110959  0.000151424 -0.000183344   -0.0013642 -0.00165331 -0.00172012 0.000577371 0.0865849 0.0660901    9.8084 
             8.20164 -0.000995593   0.00317255  -0.00282005 -0.000276156   0.00353847 -0.000962978 0 0 0    0    0 0.28  0.00202445  0.00103002 0.000475294  0.000150956 -0.000184681  -0.00137594 -0.00178749 -0.00196173  0.00062697 0.0867099 0.0663143   9.80839 
             8.40167 -0.000912421   0.00298931   -0.0133409 -0.00147056  0.00454441  -0.0015934 0 0 0    0    0 0.28 -0.00206679  0.00354511 -0.00113562  0.000149718 -0.000189389  -0.00136581 -0.00149693 -0.00210041  0.00087498 0.0864432 0.0664442   9.80839 
             8.60171 -0.00107187  0.00322955 -0.00731494  -0.00126107  0.000599756 -0.000818997 0 0 0    0    0 0.28 -0.00140746 -0.00775533  0.00170914  0.000158647 -0.000187083  -0.00137524 -0.00161879 -0.00126333 0.000591986  0.086553 0.0656691    9.8084 
             8.80164 -0.000786286   0.00296238   0.00208953  0.00161017  0.00586362 -0.00129697 0 0 0    0    0 0.28   0.00567985   0.00897027 -0.000530953  0.000153921 -0.000184886  -0.00138525 -0.00215946  -0.0024407 0.000835024 0.0870547 0.0667555   9.80839 
             9.00173 -0.00107564  0.00296373 -0.00475589 -0.000527457   0.00187635  -0.00112081 0 0 0    0    0 0.28 -0.00239728 -0.00524988 4.46263e-06  0.000140485 -0.000176303  -0.00137987 -0.00165866 -0.00153841 0.000757405 0.0865933  0.065925    9.8084 
             9.20168 -0.000932555   0.00297941 -0.000835475 -0.00107534  0.00388542 -0.00169415 0 0 0    0    0 0.28 -0.00273784  0.00210497 -0.00210093  0.000154229 -0.000176048  -0.00138622 -0.00165029 -0.00201463 0.000893217 0.0865864 0.0663628   9.80839 
             9.40174 -0.00100453  0.00308624 -0.00516037 -0.000845885    0.0020673 -0.000788277 0 0 0    0    0 0.28 -0.00102516   -0.003127  0.00142941  0.000161304 -0.000173492  -0.00138441 -0.00178231 -0.00162732  0.00049607 0.0867039  0.066006   9.80839 
             9.60176 -0.000746166   0.00312727   -0.0106335 -0.00180717   0.0058361 -0.00168376 0 0 0    0    0 0.28 -0.00308113  0.00801108 -0.00190429  0.000157078 -0.000174597  -0.00138172 -0.00167422 -0.00229303  0.00079303 0.0866075  0.066616   9.80839 
              9.8017 -0.000840861   0.00328636  -0.00637579 -0.00248006  0.00445082 -0.00111301 0 0 0    0    0 0.28 -0.00347679    0.001102 0.000528426  0.000156674 -0.000176819  -0.00138973 -0.00167348 -0.00183164 0.000519123 0.0866042 0.0661939   9.80839 
             10.0018 -0.00086068  0.00322681  -0.0109144 -0.00211402  0.00206045 -0.00105542 0 0 0    0    0 0.28 -0.00165657 -0.00488379 0.000161323  0.000155521 -0.000175725  -0.00138748 -0.00183445 -0.00145366 0.000520698 0.0867505 0.0658501    9.8084 
             10.2018 -0.000606394   0.00370361   -0.0119502  -0.00411117    0.0048089 -0.000945885 0 0 0    0    0 0.28 -0.00628067  0.00416246 0.000551325  0.00017664 -0.00017027 -0.00138921 -0.00163136 -0.00193842 0.000514668 0.0865665 0.0662898   9.80839 
             10.4017 -0.000828231   0.00333472   -0.0111413 -0.000595181   0.00269379 -0.000940107 0 0 0    0    0 0.28   0.00481176  -0.00285914 -8.49298e-07  0.000165407 -0.000193345  -0.00139222 -0.00226415 -0.00153982 0.000527559 0.0871386 0.0659285   9.80839 
             10.8018 -0.000408187   0.00357866  -0.00405774  -0.00231617   0.00836418 -0.000820544 0 0 0    0    0 0.28 -0.00146061  0.00882058   0.0001681  0.000178234 -0.000185261  -0.00139964  -0.0019554 -0.00213074 0.000507209 0.0868605 0.0664619   9.80839 
             11.0019 -0.000800722   0.00321762   0.00145121 -0.000356525   0.00185363  -0.00134943 0 0 0    0    0 0.28  0.00291088 -0.00789486 -0.00102701  0.000188367 -0.000185992  -0.00141165 -0.00214577 -0.00142352 0.000618291 0.0870325 0.0658267   9.80839 
             11.2018 -0.000980131   0.00358876  -0.00987056  -0.00409991    0.0021358 -0.000941795 0 0 0    0    0 0.28 -0.00785537 -0.00338084 0.000774498  0.000185899 -0.000193441  -0.00140119 -0.00176758 -0.00159342 0.000478854 0.0866927 0.0659777   9.80839 
             11.4018 -0.000499407   0.00325149  0.000186675 0.00137031 0.00763318  -0.001038 0 0 0    0    0 0.28  0.00838524   0.0119352 0.000145566  0.000200261 -0.000209081  -0.00141129 -0.00258591 -0.00233893 0.000539054 0.0874233 0.0666435   9.80838 
             11.8019 -0.000625872   0.00296382  0.000839928  0.0021279 0.00250712 -0.0010381 0 0 0    0    0 0.28  0.00397314 -0.00414478 0.000192948  0.000196918 -0.000207311  -0.00141252 -0.00236723 -0.00145079  0.00054561 0.0872289 0.0658527   9.80839 
              12.002 -0.000714628   0.00328783  -0.00735685 -0.00116472  0.00300584   -0.001023 0 0 0    0    0 0.28  -0.0044484 -0.00191281 0.000379592  0.000193551 -0.000218507  -0.00141238 -0.00202984 -0.00156514  0.00055489 0.0869294 0.0659539   9.80839 
             12.2006 -0.000874122   0.00309899  -0.00591154 -0.00137592   0.0038148  -0.0014429 0 0 0    0    0 0.28  -0.00265375   0.00110309 -0.000927935   0.00018922 -0.000215892  -0.00141772  -0.0020863 -0.00166497 0.000659583 0.0869802 0.0660425   9.80839 
              12.402 -0.000896087   0.00301419   0.00708073 -0.00177835  0.00411962 -0.00109897 0 0 0    0    0 0.28 -0.00253254  0.00126353 0.000329013  0.000188334 -0.000215568  -0.00143312 -0.00210667 -0.00167267 0.000533983  0.086997 0.0660486   9.80839 
              12.602 -0.00068495  0.00365366 -0.00555958 -0.00365805  0.00315534 -0.00112686 0 0 0    0    0 0.28   -0.0060107  -0.00166303 -0.000219907 0.000185359  -0.0002128 -0.00142536 -0.00195356 -0.00153258  0.00054859 0.0868627 0.0659256   9.80839 
              12.802 -0.000670399   0.00320521  -0.00886139  0.00121872  0.00428732 -0.00114015 0 0 0    0    0 0.28  0.00793385  0.00216748 -0.00053683  0.000188818 -0.000221929  -0.00142266  -0.0026805 -0.00170949 0.000536753 0.0874992 0.0660811   9.80839 
             13.2021 -0.000299414    0.0036302  -0.00237975 -0.00183807  0.00708565  -0.0002452 0 0 0    0    0 0.28 -0.00226591  0.00535652 0.000849576  0.000191194 -0.000214561  -0.00142717 -0.00224842 -0.00184512 0.000398428 0.0871206 0.0661989   9.80839 
             13.4033 -0.000425904   0.00345668  -0.00368145 -0.00163062  0.00521044 -0.00155105 0 0 0    0    0 0.28  -0.00118086 -0.000418582  -0.00246806  0.000180919 -0.000217633  -0.00142971 -0.00229119 -0.00165655 0.000601489 0.0871596 0.0660362   9.80839 
             13.6033 -0.000417739   0.00302842   -0.0137365  0.000233789   0.00612455 -0.000985542 0 0 0    0    0 0.28 0.00380976 0.00206421 9.2751e-05  0.000179846 -0.000216031  -0.00142169 -0.00245745 -0.00173989 0.000364322 0.087301 0.066107  9.80839 
             13.8022 -0.000570397   0.00342732   0.00223906 -0.00287963  0.00423408 -0.00139841 0 0 0    0    0 0.28 -0.00552498  -0.0035451  -0.0013297  0.000182288 -0.000221194  -0.00143772 -0.00206286 -0.00149075 0.000452145 0.0869617 0.0658931   9.80839 
             14.0022 -0.000328821   0.00338029   0.00520464  0.00105238  0.00679028 -0.00048185 0 0 0    0    0 0.28 0.00679485 0.00471391 0.00182508  0.000194413 -0.000238576  -0.00143941 -0.00255285 -0.00181185 0.000271439 0.0873811 0.0661677   9.80839 
             14.2022 -0.000265881   0.00357637  -0.00170397 -0.00422911  0.00631329 -0.00149344 0 0 0    0    0 0.28 -0.00907262   0.0015293 -0.00142254  0.000184627 -0.000200017  -0.00143539 -0.00191237 -0.00167131 0.000531763 0.0868358 0.0660479   9.80839 
             14.4034 -0.000751583   0.00347104  -0.00981156  -0.0023429   0.0055677 -0.00167806 0 0 0    0    0 0.28 -0.000721542  -0.00126901  -0.00132131  0.000184458 -0.000205755  -0.00142984 -0.00230604 -0.00156356 0.000505107 0.0871715 0.0659566   9.80839 
             14.6023 -0.00100107  0.00285867 -0.00737416  0.00114374  0.00317121 -0.00170586 0 0 0    0    0 0.28   0.00782477  -0.00631931 -0.000507208  0.000188069 -0.000203987  -0.00143422 -0.00269529 -0.00133065 0.000456589  0.087502 0.0657585   9.80839 
             14.8023 -0.000936431   0.00297391 -9.38945e-05 1.81409e-06  0.00437207 -0.00100485 0 0 0    0    0 0.28   0.00128633 -8.08724e-05   0.00179734  0.000186189 -0.000206895  -0.00143983 -0.00241686 -0.00158918 0.000310429  0.087265 0.0659771   9.80839 
             15.2034 -0.000831453   0.00334126   0.00301839   -0.0026493   0.00596224 -0.000987683 0 0 0    0    0 0.28 -0.00420555  0.00206166 0.000793729  0.000189574 -0.000202887  -0.00144255 -0.00221649 -0.00170367 0.000370579 0.0870964 0.0660741   9.80839 
             15.4021 -0.00102139  0.00286817 -0.00831528   0.0013605  0.00328817 -0.00127738 0 0 0    0    0 0.28  0.00522325 -0.00421197 0.000121879  0.000192736 -0.000200225  -0.00143477 -0.00252465 -0.00150722 0.000438018 0.0873562 0.0659098   9.80839 
             15.6021 -0.000827365   0.00317795   0.00284731 -0.000398283   0.00442097   -0.0011476 0 0 0    0    0 0.28 -0.00196087 0.000655443 0.000177125  0.000189609 -0.000204751  -0.00144436 -0.00234407 -0.00163816 0.000420734 0.0872052 0.0660189   9.80839 
             15.8021 -0.000614343   0.00298665   0.00352894   0.00167885   0.00494872 -0.000842205 0 0 0    0    0 0.28  0.00359754  0.00166549 0.000990535 0.000191752 -0.00021113 -0.00144542 -0.00255402 -0.00167683 0.000371483 0.0873794 0.0660508   9.80839 
             16.2021 -0.000644827   0.00289831   -0.0142148 -0.000859901   0.00700845  -0.00172626 0 0 0    0    0 0.28 -0.00327233  0.00423668 -0.00110748   0.00019623 -0.000203861  -0.00143528 -0.00232334 -0.00175812 0.000518498 0.0871893 0.0661187   9.80839 
             16.4022 -0.000879188   0.00266474  -0.00190087   0.0025122  0.00647679 -0.00145822 0 0 0    0    0 0.28   0.00481234   0.00142373 -0.000297324  0.000197302 -0.000201872  -0.00144833 -0.00257056  -0.0016742 0.000444573 0.0873927 0.0660489   9.80839 
             16.6022 -0.000772813   0.00291535  -0.00656983 -0.000466403   0.00629702  -0.00168704 0 0 0    0    0 0.28  -0.00518837  0.000707435 -0.000876155  0.000196751 -0.000207608  -0.00144622 -0.00232295  -0.0016402 0.000477017 0.0871899 0.0660218   9.80839 
             16.8035 -0.000341329   0.00337767  -0.00348914 -0.000354095   0.00825396 -0.000917297 0 0 0    0    0 0.28 -0.00260147  0.00543758  0.00123803  0.000197293 -0.000210369   -0.0014512 -0.00242683 -0.00180289 0.000304364 0.0872733 0.0661538   9.80839 
             17.2021 -0.000696382   0.00292547   -0.0162946  0.00262697  0.00268983 -0.00151809 0 0 0    0    0 0.28   0.00415235  -0.00752948 -0.000658118  0.000194591 -0.000211321  -0.00144311 -0.00267501 -0.00131913 0.000409062 0.0874763 0.0657602   9.80839 
             17.4022 -0.00053521   0.0027707  0.00377943 0.00166322 0.00622497 -0.0011793 0 0 0    0    0 0.28 0.000869644  0.00246317 0.000620881  0.000192595 -0.000213852  -0.00146078 -0.00256824 -0.00161993 0.000355484 0.0873899 0.0660039   9.80839 
             17.6035 -0.000488649   0.00305889  -0.00799126 0.000765798  0.00871963 -0.00124827 0 0 0    0    0 0.28 -0.00199189  0.00701422 0.000351351  0.000186822 -0.000217363  -0.00145094 -0.00250227 -0.00175366 0.000388569 0.0873373 0.0661117   9.80839 
             17.8022 -0.000772509   0.00315485  -0.00286398   0.0010318  0.00624798 -0.00138958 0 0 0    0    0 0.28 -0.000780625  -0.00194151  0.000237118  0.000190468 -0.000215474  -0.00145611 -0.00255608 -0.00141148 0.000428378 0.0873811 0.0658375   9.80839 
             18.0022 -0.000524119   0.00303387   0.00125133 0.000106659  0.00596323 -0.00115806 0 0 0    0    0 0.28 -0.00262439 -0.00176898  0.00110535  0.000191259 -0.000212849  -0.00145867  -0.0025028 -0.00141861 0.000414375 0.0873384 0.0658431   9.80839 
             18.2023 -0.000515823   0.00253533   0.00655987   0.00530644   0.00472066 -0.000909698 0 0 0    0    0 0.28   0.0107343 -0.00380166 0.000964763 0.000187155 -0.00024209 -0.00146537 -0.00289109 -0.00135738 0.000407074 0.0876462 0.0657945   9.80839 
             18.4036 -0.000275569   0.00233646   0.00888015  0.00569016  0.00790692 -0.00150927 0 0 0    0    0 0.28  0.00670014  0.00576058 -0.00139144  0.000175516 -0.000245206  -0.00146829 -0.00272788 -0.00173269 0.000547821 0.0875179 0.0660912   9.80839 
             18.6023 -0.000450727   0.00288023   0.00392587 0.000102016  0.00716366 -0.00135726 0 0 0    0    0 0.28 -0.00960412   0.0012643 4.67243e-05  0.000183787 -0.000269331   -0.0014638 -0.00207046  -0.0015475 0.000488878 0.0870002 0.0659435   9.80839 
             18.8023 -0.000315904   0.00263904    0.0196233  0.00506627  0.00448282 -0.00105159 0 0 0    0    0 0.28  0.00589277 -0.00607591 0.000526165  0.000191485 -0.000249003  -0.00147815 -0.00271711 -0.00126814 0.000437155 0.0875081 0.0657262   9.80839 
             19.0037 -0.000379867    0.0026155    0.0087887  0.00139701   0.0044136 -0.00123238 0 0 0    0    0 0.28  -0.00596181  -0.00292024 -8.48251e-05 0.000194331 -0.00024206 -0.00147343 -0.00236331 -0.00135458 0.000470972 0.0872317 0.0657925   9.80839 
             19.2036 -0.000663515    0.0028593  0.000355113 0.000650342  0.00487174  -0.0013346 0 0 0    0    0 0.28  -0.00456029 -0.000714246   -0.0001635 0.000199113 -0.00024449 -0.00146718  -0.0023941 -0.00143367 0.000483538 0.0872553  0.065854   9.80839 
             19.4024 -0.000354435   0.00343733  -0.00129968 -0.00381017  0.00512536 -0.00124378 0 0 0    0    0 0.28  -0.0129955 0.000368796  0.00026611  0.00019814  -0.0002518 -0.00146488 -0.00209092 -0.00146342 0.000471481 0.0870207  0.065876   9.80839 
             19.6023 -0.000476685   0.00286882    0.0140829   0.0035825  0.00712684 -0.00166044 0 0 0    0    0 0.28  0.00990698  0.00537662 -0.00102477  0.000186321 -0.000200443  -0.00148076 -0.00302385 -0.00165103 0.000541669   0.08774 0.0660218   9.80839 
             19.8036 -0.000433193   0.00270357   0.00676397  0.00260402  0.00656749 -0.00120456 0 0 0    0    0 0.28  0.00310954  0.00130965 0.000395575 0.000194269  -0.0002164 -0.00147487 -0.00274409 -0.00149463 0.000430302 0.0875246 0.0659009   9.80839 
             20.0037 -0.000611451   0.00300515    0.0023256 2.52295e-05  0.00395415 -0.00124357 0 0 0    0    0 0.28 -0.00414915 -0.00544281 6.74145e-05  0.000193623 -0.000220035  -0.00147337 -0.00247748 -0.00125088 0.000446302 0.0873218 0.0657139   9.80839 
             20.2023 -0.000402684    0.0030403    0.0121841 2.23108e-05  0.00758184  -0.0011684 0 0 0    0    0 0.28 -0.00229302  0.00625573 0.000115868  0.000200082 -0.000221512  -0.00148453 -0.00254513 -0.00164378 0.000437032 0.0873722 0.0660127   9.80839 
             20.4023 -3.25024e-05   0.00268798    0.0137431  0.00410522  0.00965367 -0.00134157 0 0 0    0    0 0.28   0.00803382    0.0082751 -9.38705e-05  0.000195414 -0.000211397  -0.00148689 -0.00293519 -0.00171756 0.000472168  0.087668 0.0660696   9.80839 
             20.6024 -0.000328867   0.00297674   0.00475174  -0.00085791    0.0031121 -0.000705982 0 0 0    0    0 0.28 -0.00720401  -0.0112726  0.00134223  0.000235246 -0.000240857  -0.00148143  -0.00235012 -0.000958294   0.00036714 0.0872283 0.0654937   9.80839 
             20.8037 -9.77035e-05   0.00291935  -0.00379476 -6.15882e-05   0.00776864  -0.00149587 0 0 0    0    0 0.28  -0.0023703  0.00478069 -0.00137059  0.000200488 -0.000230924  -0.00147499 -0.00255576 -0.00159972 0.000535495  0.087382 0.0659775   9.80839 
             21.2024 -0.000280223   0.00339137  0.000450894   -0.0046674   0.00568384 -0.000973505 0 0 0    0    0 0.28 -0.00804715 -0.00138851   0.0003787  0.000197541 -0.000230154  -0.00147679 -0.00237555  -0.0014024 0.000458785 0.0872467 0.0658293   9.80839 
             21.4024 -0.000406185   0.00318942   0.00705689  0.00108303  0.00363817 -0.00126636 0 0 0    0    0 0.28   0.00602878  -0.00456032 -0.000659475  0.000197359 -0.000242022  -0.00148264 -0.00271895 -0.00131852 0.000489413 0.0875022 0.0657672   9.80839 
             21.8024 -0.000706389   0.00318382  -0.00547101 -0.00159794  0.00341932 -0.00180016 0 0 0    0    0 0.28 -0.00626991 -0.00234676 -0.00196534  0.000193379 -0.000250369  -0.00147288  -0.0025298  -0.0013788 0.000508917 0.0873627 0.0658115   9.80839 
             22.0025 -0.000803794   0.00310753   0.00721403 -0.00508447  0.00576052 -0.00180476 0 0 0    0    0 0.28    -0.07268  0.00149296 -0.00253762  0.000187495 -0.000248629  -0.00148239 -0.00265495 -0.00151266 0.000410106 0.0874537 0.0659094   9.80839 
             22.2038 -0.00185722  0.00236615  -0.0551928  -0.0177297 -0.00388846 0.000190634 0 0 0    0    0 0.28  -0.143978 -0.0198321  0.0177943  0.000195188 -0.000260035  -0.00152321   -0.0034505 -0.000919521  0.000162006 0.0880298 0.0654746   9.80839 
             22.4038 -0.00158703 0.000267282   -0.175028 0.00645205 0.00898465  0.0029763 0 0 0    0    0 0.28 -0.00721646   0.0151519   0.0180513  0.000121611 -0.000103573  -0.00146255  -0.0073384 -0.00234852 0.000377003 0.0908819 0.0664525   9.80835 
             22.6025 -0.00138109 -0.00848082   -0.307264     0.10452   0.0248699 -0.00266919 0 0 0    0    0 0.28   0.267845  0.0646108 -0.0214674 7.72361e-05 0.000230957 -0.00145525   -0.014822 -0.00355841  0.00130966  0.096361 0.0670325    9.8083 
             22.8024 -0.00220682  -0.0115528   -0.142681    0.110794   0.0247626 -0.00204456 0 0 0    0    0 0.28    0.189368   0.0396868 -0.00815196 7.82817e-05 0.000245976 -0.00148888  -0.0110623 -0.00224738 0.000747159 0.0935618 0.0663488   9.80833 
             23.0038 -0.00408259  -0.0140208  -0.0400595   0.0836935  -0.0110101 -0.00196907 0 0 0    0    0 0.28 -0.000123295   -0.0734557   -0.0106749 -0.00010344 0.000457362 -0.00156566 -0.00715625 0.000473495 0.000527381 0.0906129 0.0646325   9.80837 
             23.2038 -0.00424717  -0.0154208   -0.384006   0.0922348   0.0114167 -0.00078041 0 0 0    0    0 0.28  -0.0341548  0.00832752 -0.00177523 5.51254e-05 0.000387124 -0.00144434 -0.00811191 -0.00193172 0.000311289 0.0913632 0.0663049   9.80835 
             23.6025 -0.00367858  -0.0207556   -0.550669    0.183397   0.0480954 -0.00529354 0 0 0    0    0 0.28   0.183299   0.067669 -0.0249873 -1.70963e-05  0.000452425  -0.00135915  -0.0132067 -0.00384059  0.00019787 0.0951077 0.0672643   9.80831 
             23.8039 -0.0013107   -0.03422  -0.532357    0.277894   0.0711194 -0.00975342 0 0 0    0    0 0.28    0.30498   0.094413 -0.0472063 3.49955e-06 0.000625198 -0.00133813   -0.0156421    -0.004403 -0.000347195 0.0968719 0.0673244   9.80829 
             24.2039 -0.00352871  -0.0348485   -0.254388    0.193669  -0.0129725 -0.00784091 0 0 0    0    0 0.28 -0.0848688  -0.105595 -0.0481238 -0.000319758  0.000996237  -0.00140343   -0.0109814 -0.000503556  -0.00205455 0.0930797 0.0654148   9.80834 
             24.4039 -0.00957162  -0.0486889   -0.496533    0.332379   0.0349593 -0.00139798 0 0 0    0    0 0.28    0.190506   0.0375378 -0.00120146 7.63261e-05 0.000443907 -0.00125366  -0.0167172 -0.00367922 -0.00303048 0.0972634 0.0669972   9.80829 
             24.6026 -0.00606114  -0.0598382   -0.419682    0.405106   0.0362093 -0.00301137 0 0 0    0    0 0.28  0.266727 0.0233433 0.0165027 0.000105473 0.000475695 -0.00137853  -0.0185491 -0.00348992 -0.00301848 0.098491 0.066684  9.80828 
             24.8039 -0.00879725  -0.0675956   -0.561969  0.422464 0.0145151 0.0087216 0 0 0    0    0 0.28   0.173622 -0.0402787  0.0561681 2.04334e-05  0.00052157 -0.00139264  -0.0164402 -0.00144922  -0.0031394 0.0967872 0.0655989    9.8083 
              25.004 -0.00924188  -0.0766311   -0.746407   0.485446  0.0141208 -0.0076606 0 0 0    0    0 0.28   0.247251 -0.0282588 -0.0110862 0.000130811 0.000364342 -0.00134271  -0.0178807 -0.00206658 -0.00115903 0.0979338 0.0657872   9.80829 
             25.2026 -0.0111678 -0.0888329  -0.920282   0.570879   0.036795 0.00822481 0 0 0    0    0 0.28  0.330957 0.0437501 0.0820233 0.000300419 0.000134128 -0.00137764  -0.0197276 -0.00405125 -0.00248243 0.0994701 0.0666783   9.80827 
             25.4026 -0.00982534  -0.0983936   -0.945324    0.60169  0.0301164 0.00444583 0 0 0    0    0 0.28   0.256646 0.00734226  0.0250499 0.000145487 0.000322165 -0.00139449   -0.0173107  -0.00260088 -0.000206712 0.0976775 0.0663489   9.80829 
              25.604 -0.0115246  -0.105169  -0.982499   0.655194  0.0175828 0.00225198 0 0 0    0    0 0.28   0.265527 -0.0196713  0.0415313 0.000110371 0.000409128 -0.00134522    -0.01735 -0.00160156  0.00154946 0.0975039 0.0656959    9.8083 
              25.804 -0.0146377   -0.12065   -1.10685   0.756963  0.0392004 -0.0002806 0 0 0    0    0 0.28  0.389147 0.0366891 0.0152612 0.000186626 0.000374551 -0.00129048   -0.020328 -0.00440778  0.00277017  0.100154 0.0666179   9.80826 
             26.0026 -0.0159199  -0.130686    -1.0219   0.795219  0.0159929 0.00169131 0 0 0    0    0 0.28    0.27479 -0.0572475 -0.0149379 0.000172719 0.000444268  -0.0013125  -0.0187078 -0.00264697  0.00300356 0.0986689 0.0660242   9.80828 
             26.2027 -0.0138801  -0.135081   -1.10063    0.825044  0.00442309 -0.00987666 0 0 0    0    0 0.28   0.209842 -0.0629209 -0.0345613 0.000143705 0.000455356 -0.00132962  -0.0176611 -0.00251122  0.00333208 0.0980307 0.0662509   9.80829 
              26.404 -0.0136197  -0.150285   -1.25939   0.945037  0.0115182 0.00481943 0 0 0    0    0 0.28     0.4014 -0.0245372  0.0253478 0.000325045 9.89022e-05 -0.00132863  -0.0223769 -0.00514481  0.00149362  0.101481 0.0663862   9.80825 
             26.6039 -0.0163247  -0.164674   -1.49327      1.05119    0.0414007 -0.000279224 0 0 0    0    0 0.28    0.479773   0.0748172 0.000938765 0.000461303 3.09488e-05  -0.0013091  -0.0232034 -0.00775685   0.0031507  0.102925 0.0675963   9.80823 
             26.8027 -0.0156484  -0.175084   -1.54538   1.07254 0.0448839 0.0189978 0 0 0    0    0 0.28  0.265379 0.0512518  0.178803 0.000387999 0.000399456 -0.00128787  -0.0191986 -0.00580884  0.00342625  0.100005 0.0680587   9.80825 
             27.2041 -0.0161522  -0.189628   -1.60853   1.23973 0.0662772 0.0223377 0 0 0    0    0 0.28  0.354561 0.0566673 0.0923988 0.000340076 0.000171553 -0.00129269  -0.0210651 -0.00631431  0.00652406  0.101411 0.0674882   9.80824 
              27.404 -0.0214224  -0.220442   -1.62133    1.36284  0.0228372 0.00598239 0 0 0    0    0 0.28   0.450279 -0.0549078  0.0464282 0.000205471 4.15238e-05 -0.00132467 -0.0233459 -0.0049332   0.009517  0.102103 0.0657457   9.80825 
             27.6027 -0.0225832  -0.239636   -1.78328     1.4502  0.0200948 0.00261486 0 0 0    0    0 0.28   0.456285 -0.0297886  0.0235809  0.000219706 -1.97105e-05  -0.00135292  -0.0229286 -0.00532756   0.0114053  0.102184 0.0661074   9.80824 
             27.8041 -0.0215434   -0.25283   -1.91887    1.53561  0.0489064 0.00992502 0 0 0    0    0 0.28  0.443372 0.0251605  0.112428 0.000375034  3.9659e-06 -0.00129095  -0.0216157 -0.00778968    0.012592  0.102763 0.0678448   9.80823 
             28.2041 -0.0295055  -0.265759   -1.97977     1.71183   0.0458268 -0.00394542 0 0 0    0    0 0.28    0.44944 0.00134844  0.0155316  0.000337489 -1.64508e-05  -0.00135047   -0.021724 -0.00719735   0.0146287  0.102707 0.0674589   9.80823 
             28.4041 -0.0368887  -0.306479   -2.27428   1.85776  0.044025 0.0124202 0 0 0    0    0 0.28  0.562726 0.0154107   0.11427  0.000374598 -0.000128242  -0.00122496  -0.0236895 -0.00777819   0.0146029  0.103844 0.0667228   9.80822 
             28.6028 -0.0333535  -0.322915   -2.38202     1.93199   0.0701609 -0.00801109 0 0 0    0    0 0.28   0.478319  0.0932037 -0.0254896  0.000432128 -0.000173786  -0.00127239  -0.0212042 -0.00816329   0.0185109  0.103327 0.0680603   9.80822 
             28.8041 -0.0401718  -0.334098   -2.46275   1.99042 0.0452549 0.0129999 0 0 0    0    0 0.28   0.385357 -0.0258046    0.11569  7.9146e-05 -1.0479e-05 -0.00127851  -0.0202502 -0.00430195   0.0179825  0.100748 0.0672082   9.80825 
             29.0055 -0.0483116   -0.34511   -2.61473     2.12284   0.0450784 -0.00965301 0 0 0    0    0 0.28     0.51459 -0.00159729  0.00766125 0.000232581 -0.00024819 -0.00131101   -0.022934 -0.00600547   0.0208392 0.102888 0.066154  9.80824 
             29.2042 -0.0484585  -0.354228   -2.68806    2.22801  0.0252824 -0.0117057 0 0 0    0    0 0.28   0.573198 -0.0550613 -0.0548634  0.000167174 -9.58787e-05  -0.00121275  -0.0230598 -0.00502633   0.0202739  0.102318 0.0657556   9.80825 
             29.4028 -0.0501501  -0.372317   -2.76121    2.34932  0.0753185 -0.0204899 0 0 0    0    0 0.28    0.60437  0.0945959 -0.0840803  0.000488338 -0.000154179  -0.00118545   -0.021933 -0.00834942   0.0195979  0.103856 0.0675067   9.80822 
             29.6042 -0.0498068  -0.392822     -2.849    2.43467  0.0510078 -0.0147768 0 0 0    0    0 0.28   0.528303 -0.0173069 -0.0278575 5.13539e-05 0.000162803 -0.00129494  -0.0211774 -0.00456664   0.0173235  0.101137 0.0670696   9.80825 
             30.0029 -0.056215 -0.406515  -3.12778   2.62006 0.0378711 -0.059499 0 0 0    0    0 0.28   0.585331 -0.0158562   -0.14231 -7.31782e-05  0.000421967  -0.00124879  -0.0194423 -0.00242294   0.0166983  0.099286 0.0676342   9.80826 
             30.2029 -0.0610199  -0.433579   -3.20732      2.736  0.0620786 -0.0142078 0 0 0    0    0 0.28   0.607691  0.0459018 -0.0355299 6.36036e-05 0.000463971 -0.00120595 -0.0191798 -0.0028173  0.0135764 0.0992562 0.0681338   9.80826 
             30.6043 -0.0624282  -0.449566   -3.15323    2.77647  0.0282627 -0.0191435 0 0 0    0    0 0.28    0.32592 -0.0469007 -0.0193567 -0.000649743   0.00280789  -0.00129367 -0.0151029 0.00152204  0.0127329 0.0955813  0.069992   9.80828 
             31.0029 -0.0636155   -0.46522   -3.47164   3.07287 0.0272129 0.0111189 0 0 0    0    0 0.28    0.848545 -0.00869633   0.0623935 -0.000767038   0.00238446  -0.00137173  -0.0167299 0.000476839   0.0120616 0.0965068 0.0691759   9.80828 
             31.2042 -0.0765928   -0.49064   -3.26105     3.11711   0.0267757 -0.00797266 0 0 0    0    0 0.28    0.624136 -0.00419459  0.00536617 -0.000901241   0.00407774  -0.00137659 -0.0136569 0.00232439  0.0135371 0.0948319  0.070865   9.80829 
             31.4042 -0.0739201  -0.493228   -3.25738    2.84062  0.0535173 -0.0109649 0 0 0    0    0 0.28   -0.377258    0.059409 -0.00615747 -0.00100291   0.0102235 -0.00136425  0.003139 0.0108185 0.0119875 0.0859507  0.079604    9.8083 
             31.6042 -0.068148 -0.480641  -3.22344   2.84384 0.0601761 -0.010012 0 0 0    0    0 0.28   -0.165866   0.0520638 -0.00242963 -0.000999632   0.00948371  -0.00140245 -0.00113599  0.00872203   0.0118986 0.0881229 0.0773944    9.8083 
             31.8043 -0.0691629    -0.4817   -3.23733     2.87452   0.0234356 -0.00994284 0 0 0    0    0 0.28  0.00452568  -0.0629927 -0.00145826 -0.00131244  0.00896612 -0.00137869 -0.00620335   0.0094666   0.0118719 0.0887331 0.0740989   9.80832 
             32.0043 -0.0703852  -0.485925   -3.25296     2.9085  0.0351387 -0.0092436 0 0 0    0    0 0.28   0.117366  0.0350927 0.00122074 -0.00114717  0.00875269 -0.00137382 -0.00705075  0.00760958   0.0118106 0.0900481 0.0739797   9.80831 
             32.4044 -0.0725429  -0.488662   -3.28637     2.93124   0.0907885 -0.00942888 0 0 0    0    0 0.28 0.0687456  0.198948 0.0122895  -0.0010886  0.00880379 -0.00137131 -0.00607961  0.00751511   0.0118962 0.0899092 0.0745875    9.8083 
              32.603 -0.0712849  -0.477982   -3.50541     2.84124  -0.0212022 -0.00800523 0 0 0    0    0 0.28  -0.109557 -0.0852245  0.0269501 -0.00235577  0.00954263 -0.00127896 -0.00534153     0.01487   0.0120518 0.0852055 0.0736623   9.80835 
             32.8044 -0.0756365  -0.482346   -3.39053    2.89175 -0.0708633 0.00960654 0 0 0    0    0 0.28 0.0880422 -0.166834  0.140239 -0.00246987  0.00902076 -0.00131539 -0.00935831   0.0144525   0.0122263 0.0860954 0.0711469   9.80836 
             33.0045 -0.0839598  -0.485963   -3.35791   2.91792 -0.112541 0.0132236 0 0 0    0    0 0.28  0.150089 -0.154986  0.160178  -0.0024945  0.00899939 -0.00129122 -0.00960967   0.0149474   0.0152649 0.0860805 0.0708211   9.80837 
             33.4044 -0.088131 -0.490411  -3.39796    2.91418  -0.179703 -0.0189818 0 0 0    0    0 0.28  0.0709562  -0.177289 -0.0829652 -0.00252576  0.00924425 -0.00124359 -0.00716994   0.0162282   0.0187059 0.0851207 0.0718833   9.80837 
             33.6045 -0.106326 -0.495167  -3.16329     2.8846  -0.253992 -0.0220567 0 0 0    0    0 0.28  0.0124156  -0.271134 -0.0913245 -0.00243301  0.00938444 -0.00138278 -0.00623696   0.0183097   0.0175946 0.0835689  0.072054   9.80838 
             34.0057 -0.107119 -0.492517    -3.348    2.86813  -0.354326 -0.0462716 0 0 0    0    0 0.28 -0.0106238  -0.230249  -0.090075 -0.00240438  0.00934072 -0.00122395 -0.00560127   0.0183508   0.0150165 0.0830542 0.0724339   9.80838 
              34.203 -0.118909 -0.500174  -3.34873    2.90786   -0.36257 -0.0163749 0 0 0    0    0 0.28  0.0751598  -0.222058 -0.0748917   -0.001686   0.0086879 -0.00124088 -0.00650851   0.0161758   0.0120453  0.084139 0.0724417   9.80837 
             34.4031 -0.124261 -0.503604  -3.25015     2.90688   -0.429039 -0.00710514 0 0 0    0    0 0.28 0.0706621 -0.294701 0.0566715 -0.00204535  0.00889383 -0.00134005 -0.00634216   0.0175275   0.0106347 0.0830985 0.0723548   9.80838 
             34.6046 -0.126133 -0.501327  -3.36149     2.89199   -0.479607 -0.00781369 0 0 0    0    0 0.28  0.0319203  -0.290738 -0.0524624 -0.00199357   0.0090504 -0.00126838 -0.00401162   0.0178265   0.0109064 0.0824756 0.0736193   9.80838 
             34.8046 -0.129297 -0.501194  -3.41806    2.91435  -0.485073 -0.0199714 0 0 0    0    0 0.28  0.0642632   -0.12198 -0.0821878 -0.00178885  0.00894453 -0.00124782 -0.00342972   0.0136952   0.0112293 0.0847491 0.0747864   9.80835 
             35.0047 -0.133583 -0.500997  -3.36057    2.88721   -0.51148 -0.0110226 0 0 0    0    0 0.28 -0.0560471  -0.112529  0.0525322 -0.00175126  0.00895837 -0.00123465 -0.00203361   0.0146364   0.0102145 0.0838407 0.0754515   9.80835 
             35.2032 -0.132651 -0.496813  -3.17272     2.8772  -0.579227 0.00502966 0 0 0    0    0 0.28 -0.0349964  -0.206785  0.0931926  -0.0017987  0.00889061 -0.00134964 -0.00278086    0.016109   0.0100877 0.0831584 0.0747346   9.80836 
             35.4058  -0.13973 -0.498242   -3.0898   2.88236 -0.634433 0.0162425 0 0 0    0    0 0.28  0.010083 -0.234349   0.17472 -0.00170278  0.00874755 -0.00127218 -0.00353217   0.0166393   0.0136026 0.0833404 0.0740236   9.80837 
             35.6047 -0.144723  -0.49699  -2.93768      2.9173    -0.68121 -0.00322653 0 0 0    0    0 0.28 0.0938592 -0.246981 0.0206565 -0.00162674  0.00860957 -0.00129919 -0.00534966   0.0153551    0.019475 0.0849908 0.0731557   9.80836 
             36.0032 -0.149761 -0.504709  -3.09978     2.93376   -0.726677 0.000206045 0 0 0    0    0 0.28  0.0650799 -0.0990863  0.0662691 -0.00159256  0.00856275 -0.00129754 -0.00378998   0.0139667   0.0206632 0.0853787 0.0742435   9.80835 
             36.2048 -0.157492 -0.497509  -3.07758    2.86749  -0.829093 0.00509995 0 0 0    0    0 0.28 -0.0558229  -0.287981  0.0645046 -0.00250141  0.00928581 -0.00135133 -0.00259866   0.0169268   0.0212694 0.0836207  0.074112   9.80836 
             36.4045 -0.167296 -0.506995  -3.16157   2.89927 -0.909601 0.0168953 0 0 0    0    0 0.28 0.0675731 -0.353193  0.201153 -0.00268735   0.0085182 -0.00129485 -0.00422723   0.0168685   0.0239606 0.0842423 0.0730978   9.80837 
             36.6032 -0.176434 -0.512631  -3.16782    2.9213 -0.973371 0.0215925 0 0 0    0    0 0.28 0.0883275 -0.427045  0.121848 -0.00245451  0.00846142  -0.0013274 -0.00406973   0.0157541   0.0281999 0.0851056 0.0733422   9.80836 
             37.2046 -0.180221 -0.511144  -3.03724    2.88979   -1.21573 -0.0417625 0 0 0    0    0 0.28 0.0581933 -0.401528 -0.109894 -0.00228001  0.00863269 -0.00133301 -0.000879385    0.0162403    0.0334897 0.0845052 0.0747106   9.80835 
             37.4032 -0.204108 -0.524749  -2.86597    2.93324    -1.1636 -0.0026205 0 0 0    0    0 0.28  0.0977834  -0.202316 -0.0244551 -0.000792129   0.00788696  -0.00134964 -0.000997298    0.0138069    0.0313705  0.085382 0.0753786   9.80834 
             37.8059 -0.210094 -0.530234  -2.84075    2.90113   -1.32482 -0.0316361 0 0 0    0    0 0.28 0.0112056 -0.382353 -0.109478 -0.00109235  0.00807134  -0.0014192 -4.40501e-05    0.0157246    0.0325257 0.0845136 0.0751312   9.80835 
              38.006  -0.22351 -0.539236  -2.94166    2.96196   -1.35978 -0.0102085 0 0 0    0    0 0.28  0.136233 -0.282902 0.0329874 -0.00108273  0.00767838 -0.00138418 -0.00169363   0.0137764     0.03009 0.0856778 0.0752104   9.80834 
              38.606 -0.233349 -0.538977  -2.91965   2.96694  -1.53401 0.0106619 0 0 0    0    0 0.28  0.116668 -0.298428  0.027537 -0.00103437  0.00808912 -0.00133352 0.000631665   0.0150088   0.0308043  0.084525 0.0758152   9.80834 
              38.806 -0.258372 -0.549336  -2.69812     2.95448    -1.59851 -0.00776603 0 0 0    0    0 0.28 0.0332799 -0.337421 0.0891338 -0.00115939  0.00790625 -0.00144341 0.00133097  0.0151984  0.0331057 0.0844226 0.0759116   9.80834 
             39.0047 -0.264534 -0.558077  -2.64144    2.91195   -1.67483 -0.0219057 0 0 0    0    0 0.28 -0.0802963  -0.434407 -0.0183522 -0.000992623   0.00782559  -0.00144986 0.00276941  0.0155695  0.0347163 0.0840411  0.076195   9.80834 
             39.2047 -0.273443  -0.56119  -2.72479    2.93926   -1.73068 -0.0206519 0 0 0    0    0 0.28 0.0367839 -0.407985 0.0276651 -0.000687418   0.00762703  -0.00144467 0.00114004  0.0125841  0.0344373 0.0856362   0.07645   9.80833 
             39.4061 -0.280769  -0.57107   -2.7457    2.97814   -1.81279 -0.0282845 0 0 0    0    0 0.28   0.111821  -0.472655 -0.0342252 -0.000728807   0.00759526  -0.00141148 -0.00117017   0.0107368   0.0346503 0.0870517 0.0760787   9.80832 
             39.6061 -0.285061 -0.575072   -2.7239     2.9642   -1.87337 -0.0347756 0 0 0    0    0 0.28 0.0531715 -0.396207 -0.102217 -0.000582729   0.00759153  -0.00133615 0.00251714 0.00924955  0.0329655 0.0864456 0.0780676   9.80831 
             39.8047 -0.288846 -0.570441  -2.56341     2.97098    -1.92244 -0.00748509 0 0 0    0    0 0.28  0.121436 -0.288477 0.0936044 -0.000377177   0.00751595  -0.00145131 0.0037512 0.0078331 0.0299566 0.0863254 0.0791158    9.8083 
              40.006 -0.290575 -0.570268  -2.39628     2.95685    -1.99096 -0.00696337 0 0 0    0    0 0.28 0.0505544   -0.3177 0.0615095 -0.000199465   0.00759645  -0.00147135   0.005978 0.00873725  0.0313653 0.0854735 0.0796196    9.8083 
             40.2061  -0.30299 -0.572483   -2.4137    3.03434   -2.02068 -0.0247067 0 0 0    0    0 0.28  0.242001 -0.243913  -0.10684 0.000131889   0.0073833 -0.00151519 0.00350192 0.00608687  0.0322466 0.0871939 0.0796661   9.80829 
             40.6047 -0.307932 -0.582563  -2.39645    3.00444   -2.15494 -0.0738238 0 0 0    0    0 0.28 0.0712711 -0.343694 -0.124075 0.000105824  0.00736512 -0.00156622  0.0087371 0.00959855  0.0306092 0.0842601 0.0802572   9.80831 
             40.8062 -0.318804 -0.586836   -2.4827     2.96307    -2.22403 -0.00307891 0 0 0    0    0 0.28 0.00462719  -0.434306  0.0951516 4.30564e-05  0.00731299 -0.00152677 0.0108521 0.0105482 0.0231898 0.0826279 0.0812448   9.80832 
             41.0061 -0.321227 -0.591013  -2.59877    2.99161   -2.30149 -0.0191789 0 0 0    0    0 0.28    0.105444   -0.506722 -0.00827245 9.16903e-05   0.0073319 -0.00145735  0.0103914 0.00905438  0.0256181 0.0834171  0.081335   9.80831 
             41.2048 -0.336329 -0.605743  -2.60897    3.03693   -2.27822 -0.0195845 0 0 0    0    0 0.28    0.257603   -0.213051 -0.00858901 0.000510661  0.00728448 -0.00145951  0.0114073 0.00187595  0.0254238 0.0855039 0.0838472   9.80827 
             41.4061  -0.33165 -0.603136  -2.40038    3.02304   -2.23564 -0.0236063 0 0 0    0    0 0.28   0.234822 0.00734623 -0.0256027 0.000258531  0.00721243 -0.00162889   0.0192869 -0.00293364   0.0255431 0.0848761 0.0879709   9.80824 
             41.8048 -0.328898 -0.600032  -2.38808    3.00033   -2.21691 -0.0226289 0 0 0    0    0 0.28  0.0568289  0.0179745 -0.0126621 0.000223765  0.00706172 -0.00141658   0.0265454 -0.00210771   0.0246274 0.0823491  0.090144   9.80824 
             42.0049 -0.321296 -0.570503   -2.0445    2.79418   -2.26747 -0.0192792 0 0 0    0    0 0.28 -0.346221 -0.101466 0.0102327 -0.000170904    0.0080291  -0.00162069   0.034251 0.00179599  0.0240669 0.0787451 0.0910863   9.80826 
             42.2048 -0.326436 -0.567592  -2.16172    2.78672   -2.23758 -0.0204306 0 0 0    0    0 0.28   -0.13796 0.00535717 -0.0136735 0.000309737  0.00763663  -0.0015901   0.0323198 -0.00118202   0.0239842 0.0800876  0.091622   9.80825 
             42.4062 -0.326214 -0.562587   -1.9521    2.74562   -2.25665 -0.0261639 0 0 0    0    0 0.28  -0.145736  -0.054475 -0.0239017 0.000196544  0.00759349 -0.00156291  0.0331384 0.00043056  0.0239829 0.0794624 0.0912438   9.80825 
             42.6061 -0.318622    -0.547  -1.82787    2.66803   -2.23764 -0.0387163 0 0 0    0    0 0.28  -0.246636 0.00291665 -0.0954667  0.00020557  0.00752639 -0.00154448   0.0370392 -0.00136125   0.0232285  0.078367 0.0926415   9.80825 
             42.8047 -0.317905 -0.532393   -1.6472    2.57082   -2.22806 -0.0142513 0 0 0    0    0 0.28 -0.318239  0.034571  0.109394 0.000211357  0.00762708  -0.0016331   0.0402417 -0.00122471   0.0205313 0.0769719 0.0932035   9.80826 
             43.0046 -0.317298  -0.52886  -1.71528    2.56143   -2.23287 -0.0178129 0 0 0    0    0 0.28  -0.146862 -0.0206513  0.0237687 0.000169668  0.00743627 -0.00159254   0.0381692 -0.00104436   0.0216418 0.0777862 0.0928469   9.80825 
             43.2058 -0.317284 -0.524524  -1.55847    2.52437   -2.21632 -0.0274701 0 0 0    0    0 0.28    -0.1443  0.0419311 -0.0319615 0.000161995  0.00744255 -0.00169211   0.0385161 -0.00169587   0.0222265 0.0777295 0.0931003   9.80825 
             43.4056 -0.314997 -0.513857  -1.47465    2.45919   -2.23006 -0.0278637 0 0 0    0    0 0.28   -0.184106  -0.0307504 -0.00620183 0.000134592  0.00739239 -0.00175294   0.0408431 -0.00012357   0.0219036 0.0767303 0.0927663   9.80826 
             43.6041 -0.312848 -0.511539  -1.55086    2.39038   -2.24953 -0.0280009 0 0 0    0    0 0.28  -0.215145 -0.0767639 -0.0191208 0.000141444  0.00742968 -0.00169792   0.0433539 0.000999139   0.0213581 0.0757076 0.0925775   9.80827 
             44.0052 -0.313329 -0.496328  -1.40855   2.23699  -2.25876 -0.054188 0 0 0    0    0 0.28  -0.327067 -0.0502714 -0.0553882 0.000134111  0.00732315 -0.00167028  0.0467237 0.00018883  0.0214556 0.0745579  0.093099   9.80827 
              44.205 -0.31477 -0.47317  -1.0857    2.08975   -2.22597 -0.0199236 0 0 0    0    0 0.28  -0.50014 0.0399741 0.0684665 0.000377545  0.00794589 -0.00167095    0.0489642 -0.000800485    0.0198215 0.0736896 0.0935819   9.80828 
             44.4036 -0.309836 -0.462162 -0.941424    2.04227   -2.23067 -0.0251742 0 0 0    0    0 0.28 -0.344184 0.0169788 0.0461629 0.000129309  0.00709092 -0.00168641    0.0471754 -0.000274392    0.0222941 0.0745314 0.0933699   9.80827 
             44.6048 -0.305842 -0.453018  -1.00718    2.05121   -2.22562 -0.0290413 0 0 0    0    0 0.28 -0.145492 0.0148924 0.0198641 0.000143473   0.0067482 -0.00167613    0.0422428 -0.000464156    0.0239562 0.0763027 0.0937227   9.80826 
             45.0032 -0.302444 -0.441761 -0.936991   1.89021  -2.24767 -0.017252 0 0 0    0    0 0.28 -0.262581 -0.053771 0.0472965 0.000187502  0.00655693 -0.00169222   0.0488925 0.000310906   0.0251636 0.0740391 0.0930307   9.80828 
             45.2031 -0.286268 -0.403422 -0.678528    1.70221   -2.25477 -0.0363659 0 0 0    0    0 0.28  -0.548932 -0.0595683 -0.0460409 0.000194629   0.0076243 -0.00169958   0.0529062 -6.7985e-05   0.0263145 0.0727065 0.0928102   9.80829 
             45.4042 -0.293605 -0.393941 -0.553523    1.66826   -2.23529 -0.0495193 0 0 0    0    0 0.28   -0.34629  0.0182232 -0.0487337 0.000756965  0.00636902 -0.00171658   0.0499832 -0.00109217   0.0262247 0.0734722 0.0935871   9.80828 
             45.6041 -0.283854  -0.38485 -0.457707    1.60037    -2.2378 -0.0213197 0 0 0    0    0 0.28 -0.334422 0.0121966  0.105774 0.000700075  0.00629495 -0.00175949    0.0499972 -0.000523691    0.0238764  0.073499 0.0934469   9.80828 
              45.804 -0.276935 -0.364661 -0.478848    1.54119   -2.24686 -0.0067267 0 0 0    0    0 0.28  -0.268202 -0.0183921   0.220362 0.000693995  0.00632802 -0.00168263   0.0501838 0.000154435   0.0267052 0.0736081 0.0931475   9.80828 
             46.0038 -0.277093  -0.35924 -0.374404    1.47231   -2.25036 -0.0300423 0 0 0    0    0 0.28  -0.289215 -0.0187167  0.0373955 0.000725183  0.00632964 -0.00167878    0.0510194 -9.16622e-05    0.0303445 0.0733078 0.0930436   9.80828 
             46.2037 -0.276712 -0.346066 -0.280588    1.36565   -2.25785 -0.0349745 0 0 0    0    0 0.28  -0.403475  -0.025775 -0.0244603 0.000745178  0.00643383 -0.00165009    0.0534582 -0.000169817    0.0309344  0.072564 0.0925946   9.80829 
             46.4036 -0.270233 -0.333159 -0.086001    1.26556   -2.25168 -0.0410091 0 0 0    0    0 0.28 -0.451563 0.0116022 0.0041879 0.000738929  0.00643287 -0.00163653   0.0545997 -0.00105986   0.0310314 0.0720323 0.0926165    9.8083 
             46.6035 -0.27918 -0.32055 0.040673    1.21818   -2.23886 -0.0450357 0 0 0    0    0 0.28  -0.374842  0.0278829 -0.0543036 0.000769408  0.00619993 -0.00172573   0.0511975 -0.00136457   0.0301915 0.0729139 0.0935432   9.80828 
             46.8033  -0.265315   -0.30931 0.00473658    1.14307    -2.2479 -0.0299157 0 0 0    0    0 0.28  -0.330245 -0.0318776  0.0707206 0.000727243  0.00616265  -0.0017098    0.0518204 -0.000643661    0.0285004 0.0729209 0.0931983   9.80829 
