            0.599954 -0.00155522  0.00399537  0.00279659 -0.00545593 -0.00520427 4.33049e-05 0 0 0    0    0 0.28 -0.00464625 -0.00263151  0.00045017 0.000136612 -0.00019077 -0.00123483 3.31574e-07 3.54613e-07  2.6626e-09 0.0850374  0.064386   9.80842  38524
            0.799973 -0.00178953  0.00312731  -0.0193983  -0.00201019  -0.00814532 -7.98029e-05 0 0 0    0    0 0.28    0.0158389   -0.0151145 -0.000542614  0.000133308 -0.000192752  -0.00121395 -1.18867e-05  6.76937e-06  4.90913e-07 0.0850492 0.0643798   9.80842  38800
             1.00125 -0.0018369 0.00367386  -0.033315 -0.000127922  -0.00368101 -0.000377833 0 0 0    0    0 0.28  0.00924271   0.0236334 -0.00197688  0.000385155 -0.000161472  -0.00120046 0.00194589 -0.0153956 0.00119692 0.0831782 0.0791959   9.80833  39091
             1.40009 -0.00166987  0.00419131  -0.0028948  -0.00670975  -0.00497083 -0.000376261 0 0 0    0    0 0.28  -0.0274819  -0.0109766 0.000949094  0.000239189 -5.95312e-05  -0.00126174   0.0116864 -0.00202694 8.64831e-05 0.0737954 0.0663496    9.8085  38538
             1.59999 -0.00132149   0.0046327  -0.0271487  -0.00900386  -0.00514382 -0.000237904 0 0 0    0    0 0.28  -0.0151372 -0.00028928 0.000746878  0.000236757 -6.36246e-05  -0.00123112  0.00712807 -0.00453084 0.000250267  0.078172 0.0687586   9.80845  38760
             1.80133 -0.00144003  0.00405949  -0.0381427  -0.00564497  -0.00265241 -0.000470897 0 0 0    0    0 0.28   0.0133399    0.013898 -0.00137257  0.000263539 -0.000122937  -0.00122401 -0.0018794 -0.0080833 0.00116806 0.0868279 0.0721711   9.80835  39050
             2.00136 -0.00107544   0.0036593  -0.0119269  -0.00418325  3.02754e-05 -0.000571866 0 0 0    0    0 0.28   0.00759378    0.0149273 -0.000699301  0.000253254 -0.000102657  -0.00125899 -0.000366884  -0.00755434  0.000826508  0.085373 0.0716628   9.80837  38839
             2.19998 -0.000819294   0.00411583  -0.00263641  -0.00666686   0.00054647 -0.000660031 0 0 0    0    0 0.28   -0.0117517   0.00375631 -0.000143444  0.000196909 -2.37209e-05  -0.00127619  0.00394357 -0.00448431 0.000766027  0.081237 0.0687204   9.80842  38545
             2.40006 -0.00134856  0.00430514  -0.0168362  -0.00779189  -0.00278692 -0.000707204 0 0 0    0    0 0.28  -0.00762083    -0.015554 -0.000160773  0.000151868 -4.69329e-05  -0.00125887 0.00237452 0.00014632 0.00075963 0.0827427 0.0642821   9.80844  38918
             2.80142 -0.00116852   0.0035131  -0.0139814  -0.00221036  0.000749771 -0.000522848 0 0 0    0    0 0.28    0.019982   0.0178928 0.000903715  0.000161962 -6.28272e-05  -0.00127218 -0.00243906 -0.00507532 0.000543787 0.0873536 0.0692794   9.80837  38853
             3.00002 -0.000868583   0.00380187   0.00205537  -0.00419766  0.000755505 -0.000650016 0 0 0    0    0 0.28  -0.00831081   0.00120169 -0.000955789   0.00017217 -8.31163e-05  -0.00129542  0.00136291 -0.00258664  0.00115803 0.0837184 0.0669096   9.80841  38602
             3.40144 -0.00132263  0.00361899  -0.0193108  -0.00303089  -0.00179513 -0.000791027 0 0 0    0    0 0.28   0.00513149  -0.00897664 -0.000337024 0.000143503 -0.00014133 -0.00127482 -0.000660412  -0.00141145  0.000840088 0.0856494 0.0657842   9.80841  39104
             3.60136 -0.00107685  0.00325591 -0.00646067 -0.00175174 -0.00150255 -0.00103283 0 0 0    0    0 0.28  0.00559294  0.00132966 -0.00129324  0.000146043 -0.000141729  -0.00129816 -0.000834729  -0.00262552   0.00122212 0.0858194 0.0669448    9.8084  38790
             4.00014 -0.00124555  0.00360017  -0.0013392  -0.00207069   0.00102763 -0.000668858 0 0 0    0    0 0.28 -0.00348328  0.00845425  0.00122209   0.00015933 -0.000127916  -0.00131058 -3.6479e-05  -0.0032288 0.000668345 0.0850537 0.0675174    9.8084  38824
             4.20151 -0.0010583 0.00373491 -0.0138114  -0.00343681  0.000368262 -0.000870658 0 0 0    0    0 0.28  -0.00735669  -0.00249955 -0.000961577  0.000140055 -0.000126056  -0.00129823 0.000207997 -0.00198118  0.00135028 0.0848274 0.0663342   9.80841  39063
             4.40147 -0.00100381  0.00315168 -0.00670726 -0.000271294   0.00113147 -0.000808676 0 0 0    0    0 0.28   0.0121361  0.00398716 0.000297971  0.000126838 -8.59377e-05  -0.00131224 -0.00284739 -0.00282177  0.00106235  0.087731 0.0671316   9.80838  38828
              4.6002 -0.00106205  0.00317702  0.00439158 -9.82938e-05   0.00201454 -0.000838316 0 0 0    0    0 0.28    0.0018786   0.00461558 -0.000179149 0.000129202 -0.00011806 -0.00132996 -0.00132179 -0.00281857  0.00116787  0.086282 0.0671301   9.80839  38597
             5.00153 -0.00115236  0.00340545  -0.0166927  -0.00160377  0.000545392 -0.000871804 0 0 0    0    0 0.28  -0.00580752  -0.00641071 -8.84923e-05  0.000101248 -0.000104014  -0.00131307 -0.000703217  -0.00179992   0.00108551 0.0856946 0.0661629    9.8084  39137
             5.20148 -0.00136334  0.00353525  -0.0129572  -0.00178357   0.00138889 -0.000938722 0 0 0    0    0 0.28  -0.00187499   0.00423384 -0.000506662  0.000115941 -0.000115365  -0.00132049  -0.001106 -0.0026234  0.0011402 0.0860762 0.0669425   9.80839  38856
             5.40022  -0.00130702   0.00332359 -0.000261341 -0.000818572   0.00302473 -0.000915863 0 0 0    0    0 0.28  0.00372092  0.00789086 0.000147285  0.000109299 -0.000106393  -0.00134108 -0.00182735 -0.00307532  0.00096348 0.0867574 0.0673681   9.80838  38637
             5.60022 -0.00121121  0.00317584 -0.00301076  -0.00176579   0.00292659 -0.000998277 0 0 0    0    0 0.28 -0.00395886 -0.00010786 -0.00054728  0.000134665 -0.000130474  -0.00134115 -0.000897776  -0.00206228   0.00108503 0.0858796  0.066412    9.8084  38904
             5.80155 -0.00116129  0.00332796  -0.0145539 -0.00171037  0.00223648 -0.00115719 0 0 0    0    0 0.28 -0.000506913  -0.00333654  -0.00105012  0.000135131 -0.000129662  -0.00133117 -0.00133822 -0.00172593  0.00113489 0.0862959 0.0660949    9.8084  39142
             6.00167 -0.00115842  0.00327345  -0.0185162 -0.000889663    0.0016701  -0.00111957 0 0 0    0    0 0.28   0.00343428  -0.00281469 -4.66534e-05  0.000137012 -0.000141789  -0.00132956 -0.00174398 -0.00180691 0.000897674 0.0866761 0.0661697   9.80839  38916
             6.20023 -0.00133622  0.00269221  0.00105564   0.0012596  0.00201896 -0.00101413 0 0 0    0    0 0.28  0.00988391  0.00174532 0.000274021  0.000140493 -0.000144795  -0.00135889 -0.00240168 -0.00222537 0.000759678 0.0872942 0.0665616   9.80839  38673
             6.40023  -0.0010455  0.00305167 -0.00968359 -0.000766728   0.00248511  -0.00127079 0 0 0    0    0 0.28 -0.00802113  0.00245952  -0.0017774  0.000142083 -0.000207247  -0.00134759 -0.000484003  -0.00223293  0.000995188 0.0854945 0.0665722    9.8084  38905
             6.60158 -0.00122644  0.00349536  -0.0152842 -0.00210695  0.00189548  -0.0011544 0 0 0    0    0 0.28 -0.00728892 -0.00239054 0.000643557  0.000158293 -0.000204518  -0.00134482 -0.000620497  -0.00171034  0.000610902 0.0856191 0.0660796    9.8084  39172
             7.00162 -0.00127108  0.00294941  -0.0136286 -0.000396002   0.00223531  -0.00129018 0 0 0    0    0 0.28    0.0074448   0.00191495 -0.000758402  0.000160519 -0.000205939  -0.00135469  -0.0016971 -0.00197635 0.000725903 0.0866285  0.066328   9.80839  38818
             7.20039 -0.00126012  0.00298099  -0.0080452  -0.0010678  0.00238702 -0.00157907 0 0 0    0    0 0.28 -0.00248098 0.000897813 -0.00151094  0.000162603 -0.000208145  -0.00136393 -0.00113248 -0.00191517 0.000848388 0.0861026 0.0662729    9.8084  38594
             7.40163 -0.00106307  0.00340659  -0.0149966 -0.00230187  0.00229169 -0.00132924 0 0 0    0    0 0.28  -0.00602039 -0.000280525   0.00152016 0.000165287 -0.00021402 -0.00135683 -0.000903424  -0.00177461  0.000422078 0.0858851 0.0661398    9.8084  39130
             7.60162 -0.00102251  0.00313267 -0.00708763 -0.00139751  0.00346636 -0.00133534 0 0 0    0    0 0.28   0.00303663   0.00556011 -0.000133725  0.000144161 -0.000181133  -0.00136689 -0.00179782 -0.00231157  0.00066602 0.0867204 0.0666401   9.80839  38838
             7.80163 -0.000899605   0.00350088    -0.011752 -0.00124917  0.00303489 -0.00122314 0 0 0    0    0 0.28 0.000645376 -0.00182148 0.000757483  0.000151424 -0.000183344   -0.0013642 -0.00165331 -0.00172012 0.000577371 0.0865849 0.0660901    9.8084  38858
             8.00041 -0.000995593   0.00317255  -0.00282005 -0.000728188   0.00331501    -0.001108 0 0 0    0    0 0.28  0.00235048   0.0011259 0.000708964  0.000150956 -0.000184681  -0.00137594 -0.00178749 -0.00196173  0.00062697 0.0867099 0.0663143   9.80839  38572
             8.20164 -0.000912421   0.00298931   -0.0133409 -0.00111369  0.00391997 -0.00132558 0 0 0    0    0 0.28 -0.00168752   0.0027936 -0.00153568  0.000149718 -0.000189389  -0.00136581 -0.00149693 -0.00210041  0.00087498 0.0864432 0.0664442   9.80839  39102
             8.40167 -0.00107187  0.00322955 -0.00731494 -0.00109429  0.00214176  -0.0011606 0 0 0    0    0 0.28 -0.000438604  -0.00775184   0.00132343  0.000158647 -0.000187083  -0.00137524 -0.00161879 -0.00126333 0.000591986  0.086553 0.0656691    9.8084  38831
             8.60171 -0.000786286   0.00296238   0.00208953 0.000416305  0.00410197 -0.00120166 0 0 0    0    0 0.28   0.00613195   0.00866789 -0.000488773  0.000153921 -0.000184886  -0.00138525 -0.00215946  -0.0024407 0.000835024 0.0870547 0.0667555   9.80839  38856
             8.80164 -0.00107564  0.00296373 -0.00475589 -8.15564e-05   0.00293462   -0.0011559 0 0 0    0    0 0.28 -0.00206408 -0.00515459 0.000338561  0.000140485 -0.000176303  -0.00137987 -0.00165866 -0.00153841 0.000757405 0.0865933  0.065925    9.8084  38843
             9.00173 -0.000932555   0.00297941 -0.000835475 -0.000565619   0.00345431  -0.00134842 0 0 0    0    0 0.28 -0.00251737  0.00209006 -0.00129037  0.000154229 -0.000176048  -0.00138622 -0.00165029 -0.00201463 0.000893217 0.0865864 0.0663628   9.80839  38852
             9.20168 -0.00100453  0.00308624 -0.00516037 -0.000642211   0.00269427  -0.00108508 0 0 0    0    0 0.28 -0.000862102  -0.00339288   0.00127403  0.000161304 -0.000173492  -0.00138441 -0.00178231 -0.00162732  0.00049607 0.0867039  0.066006   9.80839  38858
             9.40174 -0.000746166   0.00312727   -0.0106335 -0.0012295 0.00428621 -0.0013443 0 0 0    0    0 0.28 -0.00272226  0.00756585 -0.00177757  0.000157078 -0.000174597  -0.00138172 -0.00167422 -0.00229303  0.00079303 0.0866075  0.066616   9.80839  38890
             9.60176 -0.000840861   0.00328636  -0.00637579 -0.00180912  0.00426636 -0.00122525 0 0 0    0    0 0.28 -0.00314486 0.000809049 0.000643562  0.000156674 -0.000176819  -0.00138973 -0.00167348 -0.00183164 0.000519123 0.0866042 0.0661939   9.80839  38841
              9.8017 -0.00086068  0.00322681  -0.0109144 -0.00187646  0.00311332 -0.00112025 0 0 0    0    0 0.28 -0.000730328  -0.00532424  0.000526657  0.000155521 -0.000175725  -0.00138748 -0.00183445 -0.00145366 0.000520698 0.0867505 0.0658501    9.8084  38835
             10.0018 -0.000606394   0.00370361   -0.0119502 -0.00295542  0.00396548 -0.00103563 0 0 0    0    0 0.28 -0.00547577  0.00419331  0.00021565  0.00017664 -0.00017027 -0.00138921 -0.00163136 -0.00193842 0.000514668 0.0865665 0.0662898   9.80839  38889
             10.2018 -0.000828231   0.00333472   -0.0111413  -0.00156663   0.00327329 -0.000985154 0 0 0    0    0 0.28  0.00492218 -0.00293426 0.000390994  0.000165407 -0.000193345  -0.00139222 -0.00226415 -0.00153982 0.000527559 0.0871386 0.0659285   9.80839  38863
             10.4017 -0.000408187   0.00357866  -0.00405774  -0.00184959   0.00498331 -0.000889198 0 0 0    0    0 0.28 -0.000845881   0.00807256  0.000216675  0.000178234 -0.000185261  -0.00139964  -0.0019554 -0.00213074 0.000507209 0.0868605 0.0664619   9.80839  38889
             10.8018 -0.000800722   0.00321762   0.00145121 -0.00095444   0.0033964 -0.00117194 0 0 0    0    0 0.28   0.00282521  -0.00764748 -0.000908343  0.000188367 -0.000185992  -0.00141165 -0.00214577 -0.00142352 0.000618291 0.0870325 0.0658267   9.80839  38900
             11.0019 -0.000980131   0.00358876  -0.00987056 -0.00258954    0.002819 -0.00104855 0 0 0    0    0 0.28 -0.00740477 -0.00328351 0.000638949  0.000185899 -0.000193441  -0.00140119 -0.00176758 -0.00159342 0.000478854 0.0866927 0.0659777   9.80839  38923
             11.2018 -0.000499407   0.00325149  0.000186675 -0.000377491   0.00531105  -0.00107308 0 0 0    0    0 0.28   0.00880662    0.0114958 -1.75812e-05  0.000200261 -0.000209081  -0.00141129 -0.00258591 -0.00233893 0.000539054 0.0874233 0.0666435   9.80838  38846
             11.4018 -0.000625872   0.00296382  0.000839928 0.000496323  0.00419322 -0.00105876 0 0 0    0    0 0.28  0.00445649 -0.00401183 0.000124218  0.000196918 -0.000207311  -0.00141252 -0.00236723 -0.00145079  0.00054561 0.0872289 0.0658527   9.80839  38892
             11.8019 -0.000714628   0.00328783  -0.00735685 -0.000334102   0.00332947   -0.0010586 0 0 0    0    0 0.28 -0.00403241 -0.00142715    0.000124  0.000193551 -0.000218507  -0.00141238 -0.00202984 -0.00156514  0.00055489 0.0869294 0.0659539   9.80839  38856
              12.002 -0.000874122   0.00309899  -0.00591154 -0.000814028   0.00359489  -0.00124127 0 0 0    0    0 0.28  -0.00284696  0.000902432 -0.000837629   0.00018922 -0.000215892  -0.00141772  -0.0020863 -0.00166497 0.000659583 0.0869802 0.0660425   9.80839  38841
             12.2006 -0.000896087   0.00301419   0.00708073 -0.00128051   0.0038519 -0.00117301 0 0 0    0    0 0.28 -0.00222852  0.00127515 0.000565965  0.000188334 -0.000215568  -0.00143312 -0.00210667 -0.00167267 0.000533983  0.086997 0.0660486   9.80839  38587
              12.402 -0.00068495  0.00365366 -0.00555958 -0.00247979  0.00351195 -0.00113335 0 0 0    0    0 0.28 -0.00571554 -0.00164158 0.000149158 0.000185359  -0.0002128 -0.00142536 -0.00195356 -0.00153258  0.00054859 0.0868627 0.0659256   9.80839  39082
              12.602 -0.000670399   0.00320521  -0.00886139 -0.000388698     0.003892  -0.00111144 0 0 0    0    0 0.28   0.00814779   0.00175989 -0.000133287  0.000188818 -0.000221929  -0.00142266  -0.0026805 -0.00170949 0.000536753 0.0874992 0.0660811   9.80839  38863
              12.802 -0.000299414    0.0036302  -0.00237975 -0.000920672   0.00493972 -0.000749075 0 0 0    0    0 0.28 -0.00209374  0.00533217  0.00173222  0.000191194 -0.000214561  -0.00142717 -0.00224842 -0.00184512 0.000398428 0.0871206 0.0661989   9.80839  38843
             13.2021 -0.000425904   0.00345668  -0.00368145 -0.0014192 0.00531926 -0.0010982 0 0 0    0    0 0.28 -0.000959843 -0.000446254  -0.00181563  0.000180919 -0.000217633  -0.00142971 -0.00229119 -0.00165655 0.000601489 0.0871596 0.0660362   9.80839  38834
             13.4033 -0.000417739   0.00302842   -0.0137365 -0.000528595   0.00573197   -0.0010349 0 0 0    0    0 0.28  0.00377686  0.00204277 0.000364728  0.000179846 -0.000216031  -0.00142169 -0.00245745 -0.00173989 0.000364322 0.087301 0.066107  9.80839  39136
             13.6033 -0.000570397   0.00342732   0.00223906 -0.00180957  0.00493198 -0.00118786 0 0 0    0    0 0.28   -0.005224 -0.00349451 -0.00100022  0.000182288 -0.000221194  -0.00143772 -0.00206286 -0.00149075 0.000452145 0.0869617 0.0658931   9.80839  38821
             13.8022 -0.000328821   0.00338029   0.00520464 -0.000273302   0.00586634 -0.000855619 0 0 0    0    0 0.28 0.00673446 0.00456983  0.0018211  0.000194413 -0.000238576  -0.00143941 -0.00255285 -0.00181185 0.000271439 0.0873811 0.0661677   9.80839  38566
             14.0022 -0.000265881   0.00357637  -0.00170397 -0.00248954  0.00605828 -0.00116538 0 0 0    0    0 0.28 -0.00868385  0.00132332 -0.00191965  0.000184627 -0.000200017  -0.00143539 -0.00191237 -0.00167131 0.000531763 0.0868358 0.0660479   9.80839  38893
             14.2022 -0.000751583   0.00347104  -0.00981156 -0.00223669  0.00578669 -0.00143756 0 0 0    0    0 0.28 -0.000376782 -0.000855611  -0.00109403  0.000184458 -0.000205755  -0.00142984 -0.00230604 -0.00156356 0.000505107 0.0871715 0.0659566   9.80839  38910
             14.4034 -0.00100107  0.00285867 -0.00737416 -0.000409183   0.00445616  -0.00156727 0 0 0    0    0 0.28   0.00772695  -0.00637451 -0.000679884  0.000188069 -0.000203987  -0.00143422 -0.00269529 -0.00133065 0.000456589  0.087502 0.0657585   9.80839  39179
             14.6023 -0.000936431   0.00297391 -9.38945e-05 -0.000276271   0.00442531  -0.00133377 0 0 0    0    0 0.28   0.00160995 -0.000553655   0.00151984  0.000186189 -0.000206895  -0.00143983 -0.00241686 -0.00158918 0.000310429  0.087265 0.0659771   9.80839  38628
             14.8023 -0.000831453   0.00334126   0.00301839 -0.00109091  0.00497227 -0.00117116 0 0 0    0    0 0.28 -0.00360498  0.00272345 0.000844222  0.000189574 -0.000202887  -0.00144255 -0.00221649 -0.00170367 0.000370579 0.0870964 0.0660741   9.80839  38911
             15.2034 -0.00102139  0.00286817 -0.00831528 0.000322695  0.00409919 -0.00128232 0 0 0    0    0 0.28   0.00527972  -0.00405193 -0.000132959  0.000192736 -0.000200225  -0.00143477 -0.00252465 -0.00150722 0.000438018 0.0873562 0.0659098   9.80839  39102
             15.4021 -0.000827365   0.00317795   0.00284731 -7.49461e-05   0.00428315  -0.00122376 0 0 0    0    0 0.28 -0.00133106  0.00055358 0.000404218  0.000189609 -0.000204751  -0.00144436 -0.00234407 -0.00163816 0.000420734 0.0872052 0.0660189   9.80839  38589
             15.6021 -0.000614343   0.00298665   0.00352894 0.000896333  0.00462382 -0.00101623 0 0 0    0    0 0.28  0.00365697  0.00162396 0.000894413 0.000191752 -0.00021113 -0.00144542 -0.00255402 -0.00167683 0.000371483 0.0873794 0.0660508   9.80839  38837
             15.8021 -0.000644827   0.00289831   -0.0142148 0.000367443  0.00539413 -0.00127365 0 0 0    0    0 0.28 -0.00227949  0.00369551  -0.0014498   0.00019623 -0.000203861  -0.00143528 -0.00232334 -0.00175812 0.000518498 0.0871893 0.0661187   9.80839  38855
             16.2021 -0.000879188   0.00266474  -0.00190087  0.00157128  0.00618394 -0.00140811 0 0 0    0    0 0.28   0.00449299   0.00155181 -9.66051e-05  0.000197302 -0.000201872  -0.00144833 -0.00257056  -0.0016742 0.000444573 0.0873927 0.0660489   9.80839  38550
             16.4022 -0.000772813   0.00291535  -0.00656983  0.00048962  0.00622922 -0.00154362 0 0 0    0    0 0.28  -0.00447299  0.000183083 -0.000773421  0.000196751 -0.000207608  -0.00144622 -0.00232295  -0.0016402 0.000477017 0.0871899 0.0660218   9.80839  38745
             16.6022 -0.000341329   0.00337767  -0.00348914 0.000160901  0.00722706 -0.00122128 0 0 0    0    0 0.28 -0.00250593  0.00489801  0.00162832  0.000197293 -0.000210369   -0.0014512 -0.00242683 -0.00180289 0.000304364 0.0872733 0.0661538   9.80839  38797
             16.8035 -0.000696382   0.00292547   -0.0162946  0.00109731  0.00561647 -0.00124737 0 0 0    0    0 0.28   0.00381187   -0.0069964 -0.000550237  0.000194591 -0.000211321  -0.00144311 -0.00267501 -0.00131913 0.000409062 0.0874763 0.0657602   9.80839  39041
             17.2021 -0.00053521   0.0027707  0.00377943   0.0015152   0.0057392 -0.00126444 0 0 0    0    0 0.28 0.000598723  0.00248459 0.000124651  0.000192595 -0.000213852  -0.00146078 -0.00256824 -0.00161993 0.000355484 0.0873899 0.0660039   9.80839  38768
             17.4022 -0.000488649   0.00305889  -0.00799126  0.00111788  0.00726285 -0.00126885 0 0 0    0    0 0.28 -0.00153639  0.00733748 0.000105998  0.000186822 -0.000217363  -0.00145094 -0.00250227 -0.00175366 0.000388569 0.0873373 0.0661117   9.80839  38821
             17.6035 -0.000772509   0.00315485  -0.00286398  0.00114226  0.00667244 -0.00137002 0 0 0    0    0 0.28 -0.000423182  -0.00231414 -0.000260178  0.000190468 -0.000215474  -0.00145611 -0.00255608 -0.00141148 0.000428378 0.0873811 0.0658375   9.80839  39070
             17.8022 -0.000524119   0.00303387   0.00125133 0.000647235  0.00629766 -0.00132342 0 0 0    0    0 0.28 -0.00272578 -0.00170839 0.000668571  0.000191259 -0.000212849  -0.00145867  -0.0025028 -0.00141861 0.000414375 0.0873384 0.0658431   9.80839  38517
             18.0022 -0.000515823   0.00253533   0.00655987  0.00320086  0.00547983 -0.00113639 0 0 0    0    0 0.28  0.0105962 -0.0038544 0.00122569 0.000187155 -0.00024209 -0.00146537 -0.00289109 -0.00135738 0.000407074 0.0876462 0.0657945   9.80839  38759
             18.2023 -0.000275569   0.00233646   0.00888015  0.00432618  0.00676943 -0.00127049 0 0 0    0    0 0.28   0.0066226  0.00541963 -0.00105659  0.000175516 -0.000245206  -0.00146829 -0.00272788 -0.00173269 0.000547821 0.0875179 0.0660912   9.80839  38738
             18.4036 -0.000450727   0.00288023   0.00392587 0.00200465 0.00693225 -0.0013296 0 0 0    0    0 0.28  -0.00940678   0.00116584 -0.000380876  0.000183787 -0.000269331   -0.0014638 -0.00207046  -0.0015475 0.000488878 0.0870002 0.0659435   9.80839  38835
             18.6023 -0.000315904   0.00263904    0.0196233  0.00384422  0.00564332 -0.00122261 0 0 0    0    0 0.28    0.006269 -0.00557342 0.000815759  0.000191485 -0.000249003  -0.00147815 -0.00271711 -0.00126814 0.000437155 0.0875081 0.0657262   9.80839  38321
             18.8023 -0.000379867    0.0026155    0.0087887   0.0025858  0.00507197 -0.00118881 0 0 0    0    0 0.28   -0.0059058   -0.0032137 -0.000341855 0.000194331 -0.00024206 -0.00147343 -0.00236331 -0.00135458 0.000470972 0.0872317 0.0657925   9.80839  38604
             19.0037 -0.000663515    0.0028593  0.000355113 0.00162472 0.00497672 -0.0012744 0 0 0    0    0 0.28  -0.00498884 -0.000386807 -0.000323947 0.000199113 -0.00024449 -0.00146718  -0.0023941 -0.00143367 0.000483538 0.0872553  0.065854   9.80839  38912
             19.2036 -0.000354435   0.00343733  -0.00129968 -0.00125916  0.00506514 -0.00129529 0 0 0    0    0 0.28  -0.0125422 7.23109e-05 4.42338e-05  0.00019814  -0.0002518 -0.00146488 -0.00209092 -0.00146342 0.000471481 0.0870207  0.065876   9.80839  38698
             19.4024 -0.000476685   0.00286882    0.0140829  0.00160042  0.00610161 -0.00145432 0 0 0    0    0 0.28   0.00992785    0.0049686 -0.000912669  0.000186321 -0.000200443  -0.00148076 -0.00302385 -0.00165103 0.000541669   0.08774 0.0660218   9.80839  38401
             19.6023 -0.000433193   0.00270357   0.00676397  0.00195422  0.00628535 -0.00133917 0 0 0    0    0 0.28  0.00306038  0.00154145 0.000754135 0.000194269  -0.0002164 -0.00147487 -0.00274409 -0.00149463 0.000430302 0.0875246 0.0659009   9.80839  38748
             19.8036 -0.000611451   0.00300515    0.0023256 0.000890575  0.00507434 -0.00125853 0 0 0    0    0 0.28 -0.00452773 -0.00575863 0.000136926  0.000193623 -0.000220035  -0.00147337 -0.00247748 -0.00125088 0.000446302 0.0873218 0.0657139   9.80839  39008
             20.0037 -0.000402684    0.0030403    0.0121841 0.000454649  0.00642182 -0.00120582 0 0 0    0    0 0.28 -0.00225102  0.00570081 0.000202692  0.000200082 -0.000221512  -0.00148453 -0.00254513 -0.00164378 0.000437032 0.0873722 0.0660127   9.80839  38724
             20.2023 -3.25024e-05   0.00268798    0.0137431  0.00249267  0.00800017 -0.00127664 0 0 0    0    0 0.28   0.00798988   0.00822983 -0.000485364  0.000195414 -0.000211397  -0.00148689 -0.00293519 -0.00171756 0.000472168  0.087668 0.0660696   9.80839  38492
             20.4023 -0.000328867   0.00297674   0.00475174 0.000567171  0.00536284   -0.001029 0 0 0    0    0 0.28 -0.00687817  -0.0110979  0.00169957  0.000235246 -0.000240857  -0.00148143  -0.00235012 -0.000958294   0.00036714 0.0872283 0.0654937   9.80839  38495
             20.6024 -9.77035e-05   0.00291935  -0.00379476 0.000379051  0.00677031 -0.00120421 0 0 0    0    0 0.28 -0.00197201  0.00522077 -0.00146805  0.000200488 -0.000230924  -0.00147499 -0.00255576 -0.00159972 0.000535495  0.087382 0.0659775   9.80839  38011
             20.8037 -0.000280223   0.00339137  0.000450894 -0.00135639  0.00641549 -0.00117373 0 0 0    0    0 0.28 -0.00831573 -0.00189706 0.000531216  0.000197541 -0.000230154  -0.00147679 -0.00237555  -0.0014024 0.000458785 0.0872467 0.0658293   9.80839  37458
             21.2024 -0.000406185   0.00318942   0.00705689 -0.000117648   0.00457863  -0.00116838 0 0 0    0    0 0.28   0.00599867  -0.00494868 -0.000233735  0.000197359 -0.000242022  -0.00148264 -0.00271895 -0.00131852 0.000489413 0.0875022 0.0657672   9.80839  35983
             21.4024 -0.000706389   0.00318382  -0.00547101 -0.000747442   0.00419124  -0.00132132 0 0 0    0    0 0.28  -0.00189233  -0.00202734 -0.000971486  0.000193379 -0.000250369  -0.00147288  -0.0025298  -0.0013788 0.000508917 0.0873627 0.0658115   9.80839  35521
             21.8024 -0.000803794   0.00310753   0.00721403 -3.26216e-05   0.00503655  -0.00127109 0 0 0    0    0 0.28  -0.00142973   0.00298355 -0.000300776  0.000187495 -0.000248629  -0.00148239 -0.00265495 -0.00151266 0.000410106 0.0874537 0.0659094   9.80839  34259
             22.0025 -0.00185722  0.00236615  -0.0551928  0.00230815 0.000476605 -0.00104789 0 0 0    0    0 0.28 -0.0418633 -0.0221124 0.00165392  0.000195188 -0.000260035  -0.00152321   -0.0034505 -0.000919521  0.000162006 0.0880298 0.0654746   9.80839  33757
             22.2038 -0.00158703 0.000267282   -0.175028    0.0108743   0.00494173 -0.000709308 0 0 0    0    0 0.28 -0.0266833  0.0206725  0.0126683  0.000121611 -0.000103573  -0.00146255  -0.0073384 -0.00234852 0.000377003 0.0908819 0.0664525   9.80835  33170
             22.4038 -0.00138109 -0.00848082   -0.307264    0.0580591    0.0144585 -0.000658823 0 0 0    0    0 0.28    0.212092    0.044898 -0.00199273 7.72361e-05 0.000230957 -0.00145525   -0.014822 -0.00355841  0.00130966  0.096361 0.0670325    9.8083  32799
             22.6025 -0.00220682  -0.0115528   -0.142681    0.0779333    0.0178286 -0.000661922 0 0 0    0    0 0.28   0.153797  0.0293179 -0.0102058 7.82817e-05 0.000245976 -0.00148888  -0.0110623 -0.00224738 0.000747159 0.0935618 0.0663488   9.80833  32301
             22.8024 -0.00408259  -0.0140208  -0.0400595   0.0770467  0.00413988 -0.00102773 0 0 0    0    0 0.28   0.0286484   -0.066726 -0.00139863 -0.00010344 0.000457362 -0.00156566 -0.00715625 0.000473495 0.000527381 0.0906129 0.0646325   9.80837  32339
             23.0038 -0.00424717  -0.0154208   -0.384006    0.0925882   0.00867941 -0.000985065 0 0 0    0    0 0.28   0.0371622   0.0147559 -0.00601836 5.51254e-05 0.000387124 -0.00144434 -0.00811191 -0.00193172 0.000311289 0.0913632 0.0663049   9.80835  32807
             23.2038 -0.00367858  -0.0207556   -0.550669     0.129931    0.0211682 -0.000517853 0 0 0    0    0 0.28    0.121259   0.0562377 -0.00100859 -1.70963e-05  0.000452425  -0.00135915  -0.0132067 -0.00384059  0.00019787 0.0951077 0.0672643   9.80831  33256
             23.6025 -0.0013107   -0.03422  -0.532357    0.216384   0.0524346 -0.00208235 0 0 0    0    0 0.28   0.293485  0.0820514 -0.0144897 3.49955e-06 0.000625198 -0.00133813   -0.0156421    -0.004403 -0.000347195 0.0968719 0.0673244   9.80829  34082
             23.8039 -0.00352871  -0.0348485   -0.254388    0.215688   0.0307408 -0.00195272 0 0 0    0    0 0.28 0.000315756   -0.116777  0.00156329 -0.000319758  0.000996237  -0.00140343   -0.0109814 -0.000503556  -0.00205455 0.0930797 0.0654148   9.80834  35160
             24.2039 -0.00957162  -0.0486889   -0.496533   0.290914  0.0283493 -0.0016813 0 0 0    0    0 0.28     0.2196  0.0305146 -0.0303986 7.63261e-05 0.000443907 -0.00125366  -0.0167172 -0.00367922 -0.00303048 0.0972634 0.0669972   9.80829  37313
             24.4039 -0.00606114  -0.0598382   -0.419682    0.350477   0.0317146 -0.00170686 0 0 0    0    0 0.28    0.271314   0.0231741 -0.00277906 0.000105473 0.000475695 -0.00137853  -0.0185491 -0.00348992 -0.00301848 0.098491 0.066684  9.80828  38699
             24.6026 -0.00879725  -0.0675956   -0.561969    0.386505   0.0225727 -0.00236708 0 0 0    0    0 0.28   0.183084 -0.0423217  0.0203669 2.04334e-05  0.00052157 -0.00139264  -0.0164402 -0.00144922  -0.0031394 0.0967872 0.0655989    9.8083  38657
             24.8039 -0.00924188  -0.0766311   -0.746407    0.436221   0.0180533 -0.00227393 0 0 0    0    0 0.28   0.239227 -0.0219013 -0.0106268 0.000130811 0.000364342 -0.00134271  -0.0178807 -0.00206658 -0.00115903 0.0979338 0.0657872   9.80829  39222
              25.004 -0.0111678 -0.0888329  -0.920282    0.503729   0.0284876 -0.00156305 0 0 0    0    0 0.28  0.327856 0.0394798 0.0214526 0.000300419 0.000134128 -0.00137764  -0.0197276 -0.00405125 -0.00248243 0.0994701 0.0666783   9.80827  38951
             25.2026 -0.00982534  -0.0983936   -0.945324    0.550666   0.0293328 -0.00114413 0 0 0    0    0 0.28    0.24083 0.00942152  0.0293474 0.000145487 0.000322165 -0.00139449   -0.0173107  -0.00260088 -0.000206712 0.0976775 0.0663489   9.80829  38805
             25.4026 -0.0115246  -0.105169  -0.982499    0.601273   0.0229313 -0.00236381 0 0 0    0    0 0.28   0.255794 -0.0255185 -0.0119218 0.000110371 0.000409128 -0.00134522    -0.01735 -0.00160156  0.00154946 0.0975039 0.0656959    9.8083  38939
              25.604 -0.0146377   -0.12065   -1.10685    0.679656   0.0322143 -0.00237416 0 0 0    0    0 0.28  0.373603 0.0490894 0.0161527 0.000186626 0.000374551 -0.00129048   -0.020328 -0.00440778  0.00277017  0.100154 0.0666179   9.80826  39061
              25.804 -0.0159199  -0.130686    -1.0219    0.739076   0.0261627 -0.00176987 0 0 0    0    0 0.28   0.290555 -0.0432451 0.00532439 0.000172719 0.000444268  -0.0013125  -0.0187078 -0.00264697  0.00300356 0.0986689 0.0660242   9.80828  38811
             26.0026 -0.0138801  -0.135081   -1.10063     0.783061     0.017009 -0.000320858 0 0 0    0    0 0.28   0.219299 -0.0528008  -0.025698 0.000143705 0.000455356 -0.00132962  -0.0176611 -0.00251122  0.00333208 0.0980307 0.0662509   9.80829  38605
             26.2027 -0.0136197  -0.150285   -1.25939    0.867328    0.015531 -0.00232952 0 0 0    0    0 0.28     0.39978 -0.00661577  0.00744641 0.000325045 9.89022e-05 -0.00132863  -0.0223769 -0.00514481  0.00149362  0.101481 0.0663862   9.80825  38797
              26.404 -0.0163247  -0.164674   -1.49327    0.956025   0.0288324 -0.00240861 0 0 0    0    0 0.28   0.453531  0.0602018 -0.0151181 0.000461303 3.09488e-05  -0.0013091  -0.0232034 -0.00775685   0.0031507  0.102925 0.0675963   9.80823  38947
             26.6039 -0.0156484  -0.175084   -1.54538     1.01491    0.035019 -0.00168683 0 0 0    0    0 0.28    0.303201   0.0374012 -0.00709089 0.000387999 0.000399456 -0.00128787  -0.0191986 -0.00580884  0.00342625  0.100005 0.0680587   9.80825  38779
             26.8027 -0.0161522  -0.189628   -1.60853      1.0936   0.0438875 -0.00137418 0 0 0    0    0 0.28  0.377251  0.050927 0.0478268 0.000340076 0.000171553 -0.00129269  -0.0210651 -0.00631431  0.00652406  0.101411 0.0674882   9.80824  38610
             27.2041 -0.0214224  -0.220442   -1.62133     1.27157   0.0329004 -0.00162775 0 0 0    0    0 0.28  0.455396 -0.051247 0.0194154 0.000205471 4.15238e-05 -0.00132467 -0.0233459 -0.0049332   0.009517  0.102103 0.0657457   9.80825  38972
              27.404 -0.0225832  -0.239636   -1.78328     1.36064   0.0273792 -0.00137535 0 0 0    0    0 0.28   0.438887 -0.0325714 0.00543673  0.000219706 -1.97105e-05  -0.00135292  -0.0229286 -0.00532756   0.0114053  0.102184 0.0661074   9.80824  38835
             27.6027 -0.0215434   -0.25283   -1.91887     1.44616   0.0407031 -0.00276463 0 0 0    0    0 0.28    0.439761   0.0712011 -0.00688396 0.000375034  3.9659e-06 -0.00129095  -0.0216157 -0.00778968    0.012592  0.102763 0.0678448   9.80823  38607
             27.8041 -0.0295055  -0.265759   -1.97977     1.53589   0.0431776 -0.00290853 0 0 0    0    0 0.28    0.443142 -0.00689695   0.0308309  0.000337489 -1.64508e-05  -0.00135047   -0.021724 -0.00719735   0.0146287  0.102707 0.0674589   9.80823  39107
             28.2041 -0.0368887  -0.306479   -2.27428     1.74571   0.0427172 -0.00380817 0 0 0    0    0 0.28    0.55842 -0.0082141   0.015995  0.000374598 -0.000128242  -0.00122496  -0.0236895 -0.00777819   0.0146029  0.103844 0.0667228   9.80822  38795
             28.4041 -0.0333535  -0.322915   -2.38202      1.8386   0.0552002 -0.00290575 0 0 0    0    0 0.28   0.47162 0.0682576 0.0288153  0.000432128 -0.000173786  -0.00127239  -0.0212042 -0.00816329   0.0185109  0.103327 0.0680603   9.80822  38970
             28.6028 -0.0401718  -0.334098   -2.46275     1.91341   0.0482031 -0.00561734 0 0 0    0    0 0.28   0.391072 -0.0125886 -0.0118826  7.9146e-05 -1.0479e-05 -0.00127851  -0.0202502 -0.00430195   0.0179825  0.100748 0.0672082   9.80825  38768
             28.8041 -0.0483116   -0.34511   -2.61473     2.01927   0.0472771 -0.00514865 0 0 0    0    0 0.28     0.53933  -0.0146615 0.000913927 0.000232581 -0.00024819 -0.00131101   -0.022934 -0.00600547   0.0208392 0.102888 0.066154  9.80824  39171
             29.0055 -0.0484585  -0.354228   -2.68806    2.12004  0.0365344 -0.0062385 0 0 0    0    0 0.28   0.503117 -0.0448319   0.026086  0.000167174 -9.58787e-05  -0.00121275  -0.0230598 -0.00502633   0.0202739  0.102318 0.0657556   9.80825  39062
             29.2042 -0.0501501  -0.372317   -2.76121     2.23048   0.0537456 -0.00789553 0 0 0    0    0 0.28   0.587991  0.0998236 -0.0324483  0.000488338 -0.000154179  -0.00118545   -0.021933 -0.00834942   0.0195979  0.103856 0.0675067   9.80822  38566
             29.4028 -0.0498068  -0.392822     -2.849      2.3287   0.0532479 -0.00853242 0 0 0    0    0 0.28    0.50717  -0.015004 -0.0183229 5.13539e-05 0.000162803 -0.00129494  -0.0211774 -0.00456664   0.0173235  0.101137 0.0670696   9.80825  38542
             29.6042 -0.056215 -0.406515  -3.12778    2.41607  0.0444444 -0.0120288 0 0 0    0    0 0.28   0.442671 -0.0510108   -0.01273 -7.31782e-05  0.000421967  -0.00124879  -0.0194423 -0.00242294   0.0166983  0.099286 0.0676342   9.80826  39316
             30.0029 -0.0610199  -0.433579   -3.20732   2.61679 0.0531448 -0.011912 0 0 0    0    0 0.28  0.576408 0.0433425 0.0112732 6.36036e-05 0.000463971 -0.00120595 -0.0191798 -0.0028173  0.0135764 0.0992562 0.0681338   9.80826  38618
             30.2029 -0.0624282  -0.449566   -3.15323   2.66758 0.0468115 -0.010984 0 0 0    0    0 0.28   0.273265 -0.0421532 -0.0170042 -0.000649743   0.00280789  -0.00129367 -0.0151029 0.00152204  0.0127329 0.0955813  0.069992   9.80828  39095
             30.6043 -0.0636155   -0.46522   -3.47164    2.80714  0.0307473 -0.0129422 0 0 0    0    0 0.28     0.428367   -0.0318838 -0.000282756 -0.000767038   0.00238446  -0.00137173  -0.0167299 0.000476839   0.0120616 0.0965068 0.0691759   9.80828  38971
             31.0029 -0.0765928   -0.49064   -3.26105     2.99291   0.0281319 -0.00905714 0 0 0    0    0 0.28    0.595575 -0.00595776 -0.00339944 -0.000901241   0.00407774  -0.00137659 -0.0136569 0.00232439  0.0135371 0.0948319  0.070865   9.80829  39134
             31.2042 -0.0739201  -0.493228   -3.25738     2.9158  0.0418956 -0.0101975 0 0 0    0    0 0.28   -0.358178   0.0525157 -0.00294424 -0.00100291   0.0102235 -0.00136425  0.003139 0.0108185 0.0119875 0.0859507  0.079604    9.8083  39522
             31.4042 -0.068148 -0.480641  -3.22344     2.88002   0.0502753 -0.00983436 0 0 0    0    0 0.28    -0.19276    0.047332 0.000537839 -0.000999632   0.00948371  -0.00140245 -0.00113599  0.00872203   0.0118986 0.0881229 0.0773944    9.8083  39292
             31.6042 -0.0691629    -0.4817   -3.23733     2.87621   0.0361953 -0.00967565 0 0 0    0    0 0.28    -0.015597   -0.0649156 -0.000147458 -0.00131244  0.00896612 -0.00137869 -0.00620335   0.0094666   0.0118719 0.0887331 0.0740989   9.80832  39246
             31.8043 -0.0703852  -0.485925   -3.25296     2.88898   0.0337546 -0.00953099 0 0 0    0    0 0.28   0.0788494 -0.00501675  0.00123804 -0.00114717  0.00875269 -0.00137382 -0.00705075  0.00760958   0.0118106 0.0900481 0.0739797   9.80831  39192
             32.0043 -0.0725429  -0.488662   -3.28637     2.90098   0.0399892 -0.00978707 0 0 0    0    0 0.28   0.0822047   0.0581419 -0.00183634  -0.0010886  0.00880379 -0.00137131 -0.00607961  0.00751511   0.0118962 0.0899092 0.0745875    9.8083  39191
             32.4044 -0.0712849  -0.477982   -3.50541     2.86588 0.000907468  -0.0112576 0 0 0    0    0 0.28  -0.152731  -0.110333 0.00576367 -0.00235577  0.00954263 -0.00127896 -0.00534153     0.01487   0.0120518 0.0852055 0.0736623   9.80835  38999
              32.603 -0.0756365  -0.482346   -3.39053     2.87777  -0.0382059 -0.00905145 0 0 0    0    0 0.28  0.061265 -0.168808  0.021874 -0.00246987  0.00902076 -0.00131539 -0.00935831   0.0144525   0.0122263 0.0860954 0.0711469   9.80836  38832
             32.8044 -0.0839598  -0.485963   -3.35791     2.89337  -0.0762984 -0.00967591 0 0 0    0    0 0.28 0.0948456 -0.197284 0.0193456  -0.0024945  0.00899939 -0.00129122 -0.00960967   0.0149474   0.0152649 0.0860805 0.0708211   9.80837  39318
             33.0045 -0.088131 -0.490411  -3.39796    2.89383   -0.11266 -0.0107205 0 0 0    0    0 0.28 0.0338656 -0.157517 0.0269863 -0.00252576  0.00924425 -0.00124359 -0.00716994   0.0162282   0.0187059 0.0851207 0.0718833   9.80837  39012
             33.4044 -0.106326 -0.495167  -3.16329    2.88547  -0.200786 -0.0102217 0 0 0    0    0 0.28  -0.028444  -0.258585 -0.0560303 -0.00243301  0.00938444 -0.00138278 -0.00623696   0.0183097   0.0175946 0.0835689  0.072054   9.80838  39103
             33.6045 -0.107119 -0.492517    -3.348    2.87594  -0.251301 -0.0114914 0 0 0    0    0 0.28  -0.030123  -0.259055 -0.0334719 -0.00240438  0.00934072 -0.00122395 -0.00560127   0.0183508   0.0150165 0.0830542 0.0724339   9.80838  39042
             34.0057 -0.118909 -0.500174  -3.34873    2.89449  -0.327114 -0.0105786 0 0 0    0    0 0.28 0.0695166 -0.143697   0.02023   -0.001686   0.0086879 -0.00124088 -0.00650851   0.0161758   0.0120453  0.084139 0.0724417   9.80837  39377
              34.203 -0.124261 -0.503604  -3.25015    2.89754  -0.372901 -0.0104355 0 0 0    0    0 0.28  0.0241995  -0.273679 -0.0419798 -0.00204535  0.00889383 -0.00134005 -0.00634216   0.0175275   0.0106347 0.0830985 0.0723548   9.80838  38431
             34.4031 -0.126133 -0.501327  -3.36149     2.88988   -0.422899 -0.00849868 0 0 0    0    0 0.28 -0.0074416  -0.266172  0.0488576 -0.00199357   0.0090504 -0.00126838 -0.00401162   0.0178265   0.0109064 0.0824756 0.0736193   9.80838  38879
             34.6046 -0.129297 -0.501194  -3.41806     2.90113   -0.454585 -0.00953265 0 0 0    0    0 0.28  0.0748712  -0.168283 -0.0616996 -0.00178885  0.00894453 -0.00124782 -0.00342972   0.0136952   0.0112293 0.0847491 0.0747864   9.80835  39055
             34.8046 -0.133583 -0.500997  -3.36057    2.89793  -0.486413 -0.0120764 0 0 0    0    0 0.28 -0.0452385  -0.137111  -0.016631 -0.00175126  0.00895837 -0.00123465 -0.00203361   0.0146364   0.0102145 0.0838407 0.0754515   9.80835  38720
             35.0047 -0.132651 -0.496813  -3.17272     2.88724   -0.537509 -0.00926246 0 0 0    0    0 0.28 -0.0582769  -0.235122   0.061455  -0.0017987  0.00889061 -0.00134964 -0.00278086    0.016109   0.0100877 0.0831584 0.0747346   9.80836  38760
             35.2032  -0.13973 -0.498242   -3.0898     2.88266   -0.585929 -0.00905779 0 0 0    0    0 0.28 -0.0143818  -0.239243  0.0183154 -0.00170278  0.00874755 -0.00127218 -0.00353217   0.0166393   0.0136026 0.0833404 0.0740236   9.80837  38448
             35.4058 -0.144723  -0.49699  -2.93768     2.89927   -0.633722 -0.00903387 0 0 0    0    0 0.28 0.0839989 -0.230778 0.0389276 -0.00162674  0.00860957 -0.00129919 -0.00534966   0.0153551    0.019475 0.0849908 0.0731557   9.80836  39293
             35.6047 -0.149761 -0.504709  -3.09978     2.91147   -0.668651 -0.00892591 0 0 0    0    0 0.28  0.0661915  -0.184623 -0.0104412 -0.00159256  0.00856275 -0.00129754 -0.00378998   0.0139667   0.0206632 0.0853787 0.0742435   9.80835  38551
             36.0032 -0.157492 -0.497509  -3.07758      2.8847   -0.774094 -0.00924323 0 0 0    0    0 0.28 -0.107458 -0.264596 0.0352451 -0.00250141  0.00928581 -0.00135133 -0.00259866   0.0169268   0.0212694 0.0836207  0.074112   9.80836  38786
             36.2048 -0.167296 -0.506995  -3.16157     2.88783   -0.838885 -0.00813077 0 0 0    0    0 0.28  0.0398044  -0.338858 -0.0094717 -0.00268735   0.0085182 -0.00129485 -0.00422723   0.0168685   0.0239606 0.0842423 0.0730978   9.80837  39006
             36.4045 -0.176434 -0.512631  -3.16782     2.90413   -0.902075 -0.00645771 0 0 0    0    0 0.28 0.0914644 -0.316956 0.0705092 -0.00245451  0.00846142  -0.0013274 -0.00406973   0.0157541   0.0281999 0.0851056 0.0733422   9.80836  38714
             36.6032 -0.180221 -0.511144  -3.03724     2.89926   -0.967487 -0.00785846 0 0 0    0    0 0.28 -0.0195205  -0.400443  -0.043653 -0.00228001  0.00863269 -0.00133301 -0.000879385    0.0162403    0.0334897 0.0845052 0.0747106   9.80835  38357
             37.2046 -0.204108 -0.524749  -2.86597     2.91408    -1.12614 -0.00739241 0 0 0    0    0 0.28   0.103891  -0.173917 -0.0394006 -0.000792129   0.00788696  -0.00134964 -0.000997298    0.0138069    0.0313705  0.085382 0.0753786   9.80834  38294
             37.4032 -0.210094 -0.530234  -2.84075      2.9096     -1.1873 -0.00719476 0 0 0    0    0 0.28 -0.0203056  -0.323393 -0.0490779 -0.00109235  0.00807134  -0.0014192 -4.40501e-05    0.0157246    0.0325257 0.0845136 0.0751312   9.80835  37942
             37.8059  -0.22351 -0.539236  -2.94166    2.93672   -1.29994 -0.0100856 0 0 0    0    0 0.28   0.129341  -0.287725 -0.0450417 -0.00108273  0.00767838 -0.00138418 -0.00169363   0.0137764     0.03009 0.0856778 0.0752104   9.80834  38220
              38.006 -0.233349 -0.538977  -2.91965    2.93427   -1.36347 -0.0135575 0 0 0    0    0 0.28 0.00283264  -0.306789  0.0139884 -0.00103437  0.00808912 -0.00133352 0.000631665   0.0150088   0.0308043  0.084525 0.0758152   9.80834  37484
              38.606 -0.258372 -0.549336  -2.69812    2.94621    -1.5342 -0.0156537 0 0 0    0    0 0.28  0.0534319  -0.294701 -0.0286584 -0.00115939  0.00790625 -0.00144341 0.00133097  0.0151984  0.0331057 0.0844226 0.0759116   9.80834  37186
              38.806 -0.264534 -0.558077  -2.64144    2.92963   -1.59884 -0.0170098 0 0 0    0    0 0.28 -0.104635 -0.349015 0.0297941 -0.000992623   0.00782559  -0.00144986 0.00276941  0.0155695  0.0347163 0.0840411  0.076195   9.80834  36710
             39.0047 -0.273443  -0.56119  -2.72479   2.93643  -1.65537 -0.019667 0 0 0    0    0 0.28   0.0294153    -0.34163 -0.00729243 -0.000687418   0.00762703  -0.00144467 0.00114004  0.0125841  0.0344373 0.0856362   0.07645   9.80833  36169
             39.2047 -0.280769  -0.57107   -2.7457    2.95767   -1.72521 -0.0216505 0 0 0    0    0 0.28  0.118404 -0.379463 0.0228208 -0.000728807   0.00759526  -0.00141148 -0.00117017   0.0107368   0.0346503 0.0870517 0.0760787   9.80832  36094
             39.4061 -0.285061 -0.575072   -2.7239    2.95595   -1.79469 -0.0199208 0 0 0    0    0 0.28 0.00776288  -0.386847  0.0101953 -0.000582729   0.00759153  -0.00133615 0.00251714 0.00924955  0.0329655 0.0864456 0.0780676   9.80831  36182
             39.6061 -0.288846 -0.570441  -2.56341    2.95662    -1.8603 -0.0201208 0 0 0    0    0 0.28   0.019001  -0.337277 -0.0284292 -0.000377177   0.00751595  -0.00145131 0.0037512 0.0078331 0.0299566 0.0863254 0.0791158    9.8083  35726
             39.8047 -0.290575 -0.570268  -2.39628    2.95051   -1.92477 -0.0173615 0 0 0    0    0 0.28 0.00947529  -0.314131  0.0283646 -0.000199465   0.00759645  -0.00147135   0.005978 0.00873725  0.0313653 0.0854735 0.0796196    9.8083  35429
              40.006  -0.30299 -0.572483   -2.4137   2.98975  -1.97362 -0.013185 0 0 0    0    0 0.28  0.197329 -0.235679 0.0307687 0.000131889   0.0073833 -0.00151519 0.00350192 0.00608687  0.0322466 0.0871939 0.0796661   9.80829  35875
             40.2061 -0.307932 -0.582563  -2.39645    2.98712   -2.03305 -0.0171064 0 0 0    0    0 0.28  0.0231181  -0.309735 -0.0673454 0.000105824  0.00736512 -0.00156622  0.0087371 0.00959855  0.0306092 0.0842601 0.0802572   9.80831  35410
             40.6047 -0.318804 -0.586836   -2.4827     2.9674    -2.1528 -0.0206608 0 0 0    0    0 0.28 -0.0504365  -0.336819  0.0373656 4.30564e-05  0.00731299 -0.00152677 0.0108521 0.0105482 0.0231898 0.0826279 0.0812448   9.80832  35292
             40.8062 -0.321227 -0.591013  -2.59877    2.97474   -2.21102 -0.0185039 0 0 0    0    0 0.28   0.0686202   -0.359394 -0.00494282 9.16903e-05   0.0073319 -0.00145735  0.0103914 0.00905438  0.0256181 0.0834171  0.081335   9.80831  35574
             41.0061 -0.336329 -0.605743  -2.60897    2.99973   -2.23611 -0.0185082 0 0 0    0    0 0.28   0.146335  -0.203896 -0.0070162 0.000510661  0.00728448 -0.00145951  0.0114073 0.00187595  0.0254238 0.0855039 0.0838472   9.80827  35257
             41.2048  -0.33165 -0.603136  -2.40038    2.99236   -2.23411 -0.0207083 0 0 0    0    0 0.28    0.069991 -0.00832104  -0.0162727 0.000258531  0.00721243 -0.00162889   0.0192869 -0.00293364   0.0255431 0.0848761 0.0879709   9.80824  35079
             41.4061 -0.328898 -0.600032  -2.38808    2.97567   -2.22711 -0.0203784 0 0 0    0    0 0.28  0.0302042  0.0422153 -0.0103449 0.000223765  0.00706172 -0.00141658   0.0265454 -0.00210771   0.0246274 0.0823491  0.090144   9.80824  35579
             41.8048 -0.321296 -0.570503   -2.0445    2.86935   -2.24706 -0.0192375 0 0 0    0    0 0.28  -0.389025 -0.0900867 -0.0012708 -0.000170904    0.0080291  -0.00162069   0.034251 0.00179599  0.0240669 0.0787451 0.0910863   9.80826  35137
             42.0049 -0.326436 -0.567592  -2.16172    2.8224  -2.24158 -0.019022 0 0 0    0    0 0.28 -0.214213 0.0274483 0.0114305 0.000309737  0.00763663  -0.0015901   0.0323198 -0.00118202   0.0239842 0.0800876  0.091622   9.80825  35525
             42.2048 -0.326214 -0.562587   -1.9521    2.77813   -2.24735 -0.0204085 0 0 0    0    0 0.28  -0.177843 -0.0403772  -0.013597 0.000196544  0.00759349 -0.00156291  0.0331384 0.00043056  0.0239829 0.0794624 0.0912438   9.80825  35503
             42.4062 -0.318622    -0.547  -1.82787    2.71862   -2.23992 -0.0228719 0 0 0    0    0 0.28    -0.26698   0.0253881 -0.00718613  0.00020557  0.00752639 -0.00154448   0.0370392 -0.00136125   0.0232285  0.078367 0.0926415   9.80825  35973
             42.6061 -0.317905 -0.532393   -1.6472    2.64027   -2.23411 -0.0236823 0 0 0    0    0 0.28  -0.380259  0.0177637 -0.0127856 0.000211357  0.00762708  -0.0016331   0.0402417 -0.00122471   0.0205313 0.0769719 0.0932035   9.80826  35962
             42.8047 -0.317298  -0.52886  -1.71528    2.59425     -2.233 -0.0237204 0 0 0    0    0 0.28  -0.178086 0.00613821  0.0384957 0.000169668  0.00743627 -0.00159254   0.0381692 -0.00104436   0.0216418 0.0777862 0.0928469   9.80825  36004
             43.0046 -0.317284 -0.524524  -1.55847    2.55719   -2.22405 -0.0237195 0 0 0    0    0 0.28   -0.164981   0.0204841 -0.00548138 0.000161995  0.00744255 -0.00169211   0.0385161 -0.00169587   0.0222265 0.0777295 0.0931003   9.80825  36270
             43.2058 -0.314997 -0.513857  -1.47465    2.50295   -2.22597 -0.0257405 0 0 0    0    0 0.28   -0.246877 -0.00863626  -0.0226041 0.000134592  0.00739239 -0.00175294   0.0408431 -0.00012357   0.0219036 0.0767303 0.0927663   9.80826  36651
             43.4056 -0.312848 -0.511539  -1.55086    2.43932   -2.23592 -0.0252994 0 0 0    0    0 0.28  -0.273919 -0.0619993 0.00660069 0.000141444  0.00742968 -0.00169792   0.0433539 0.000999139   0.0213581 0.0757076 0.0925775   9.80827  36544
             43.6041 -0.313329 -0.496328  -1.40855    2.36752    -2.2424 -0.0285968 0 0 0    0    0 0.28 -0.318516 -0.044618 -0.022656 0.000134111  0.00732315 -0.00167028  0.0467237 0.00018883  0.0214556 0.0745579  0.093099   9.80827  36390
             44.0052 -0.31477 -0.47317  -1.0857    2.18943   -2.23432 -0.0322191 0 0 0    0    0 0.28 -0.494031 0.0388396 0.0129065 0.000377545  0.00794589 -0.00167095    0.0489642 -0.000800485    0.0198215 0.0736896 0.0935819   9.80828  37229
              44.205 -0.309836 -0.462162 -0.941424    2.11551   -2.23357 -0.0320264 0 0 0    0    0 0.28  -0.382742 0.00570935 0.00549211 0.000129309  0.00709092 -0.00168641    0.0471754 -0.000274392    0.0222941 0.0745314 0.0933699   9.80827  37097
             44.4036 -0.305842 -0.453018  -1.00718    2.08231   -2.23018 -0.0328642 0 0 0    0    0 0.28  -0.166263  0.0237825 0.00827351 0.000143473   0.0067482 -0.00167613    0.0422428 -0.000464156    0.0239562 0.0763027 0.0937227   9.80826  37182
             44.6048 -0.302444 -0.441761 -0.936991    2.00683   -2.23075 -0.0343035 0 0 0    0    0 0.28   -0.342729  -0.0138574 -0.00767895 0.000187502  0.00655693 -0.00169222   0.0488925 0.000310906   0.0251636 0.0740391 0.0930307   9.80828  38118
             45.0032 -0.286268 -0.403422 -0.678528   1.80954  -2.24481 -0.033691 0 0 0    0    0 0.28   -0.545508  -0.0458819 -0.00456916 0.000194629   0.0076243 -0.00169958   0.0529062 -6.7985e-05   0.0263145 0.0727065 0.0928102   9.80829  37845
             45.2031 -0.293605 -0.393941 -0.553523    1.73921   -2.24032 -0.0360343 0 0 0    0    0 0.28 -0.371805 0.0193779 -0.043882 0.000756965  0.00636902 -0.00171658   0.0499832 -0.00109217   0.0262247 0.0734722 0.0935871   9.80828  38044
             45.4042 -0.283854  -0.38485 -0.457707    1.66813   -2.23879 -0.0379609 0 0 0    0    0 0.28   -0.34819 0.00133414 0.00906975 0.000700075  0.00629495 -0.00175949    0.0499972 -0.000523691    0.0238764  0.073499 0.0934469   9.80828  38171
             45.6041 -0.276935 -0.364661 -0.478848    1.60037   -2.24272 -0.0351375 0 0 0    0    0 0.28    -0.3349 -0.0114394  0.0342693 0.000693995  0.00632802 -0.00168263   0.0501838 0.000154435   0.0267052 0.0736081 0.0931475   9.80828  38056
              45.804 -0.277093  -0.35924 -0.374404    1.53344   -2.24608 -0.0337116 0 0 0    0    0 0.28  -0.312703 -0.0151358  0.0471947 0.000725183  0.00632964 -0.00167878    0.0510194 -9.16622e-05    0.0303445 0.0733078 0.0930436   9.80828  38196
             46.0038 -0.276712 -0.346066 -0.280588    1.44655   -2.25219 -0.0344549 0 0 0    0    0 0.28  -0.405326 -0.0314995   0.015179 0.000745178  0.00643383 -0.00165009    0.0534582 -0.000169817    0.0309344  0.072564 0.0925946   9.80829  38234
             46.2037 -0.270233 -0.333159 -0.086001    1.35546   -2.25261 -0.0353238 0 0 0    0    0 0.28    -0.449896 -0.000617817   -0.0268833 0.000738929  0.00643287 -0.00163653   0.0545997 -0.00105986   0.0310314 0.0720323 0.0926165    9.8083  38169
             46.4036 -0.27918 -0.32055 0.040673    1.28914   -2.24586 -0.0369237 0 0 0    0    0 0.28 -0.343113 0.0439927 0.0259736 0.000769408  0.00619993 -0.00172573   0.0511975 -0.00136457   0.0301915 0.0729139 0.0935432   9.80828  38060
             46.6035  -0.265315   -0.30931 0.00473658     1.2145   -2.24432 -0.0363385 0 0 0    0    0 0.28    -0.393373 -0.000228972  -0.00927945 0.000727243  0.00616265  -0.0017098    0.0518204 -0.000643661    0.0285004 0.0729209 0.0931983   9.80829  38098
             46.8033  -0.268489  -0.302853 -0.0368195    1.16258   -2.25106 -0.0358784 0 0 0    0    0 0.28  -0.217826 -0.0509401  0.0307302 0.000760027  0.00605879 -0.00168998   0.0499145 7.11538e-05   0.0292589 0.0736324 0.0935282   9.80828  38045
