0.599954 -0.000027 0.000070 0.000049 -0.005456 -0.005204 0.000043 0.000000 0.000000 0.000000 -0.004646 -0.002632 0.000450 0.000000 0.000000 0.000000 0.000137 -0.000191 -0.001235 0.000000 0.000000 0.000000 0.085037 0.064386 9.808420 
0.799973 -0.000031 0.000055 -0.000339 -0.002010 -0.008145 -0.000080 0.000000 0.000000 0.000000 0.015839 -0.015114 -0.000543 0.000000 0.000000 0.000000 0.000133 -0.000193 -0.001214 -0.000012 0.000007 0.000000 0.085049 0.064380 9.808420 
1.001248 -0.000032 0.000064 -0.000581 -0.000128 -0.003681 -0.000378 0.000000 0.000000 0.000000 0.009243 0.023633 -0.001977 0.000000 0.000000 0.000000 0.000385 -0.000161 -0.001200 0.001946 -0.015396 0.001197 0.083178 0.079196 9.808328 
1.400091 -0.000029 0.000073 -0.000051 -0.006710 -0.004971 -0.000376 0.000000 0.000000 0.000000 -0.027482 -0.010977 0.000949 0.000000 0.000000 0.000000 0.000239 -0.000060 -0.001262 0.011686 -0.002027 0.000086 0.073795 0.066350 9.808498 
1.599986 -0.000023 0.000081 -0.000474 -0.009004 -0.005144 -0.000238 0.000000 0.000000 0.000000 -0.015137 -0.000289 0.000747 0.000000 0.000000 0.000000 0.000237 -0.000064 -0.001231 0.007128 -0.004531 0.000250 0.078172 0.068759 9.808448 
1.801332 -0.000025 0.000071 -0.000666 -0.005645 -0.002652 -0.000471 0.000000 0.000000 0.000000 0.013340 0.013898 -0.001373 0.000000 0.000000 0.000000 0.000264 -0.000123 -0.001224 -0.001879 -0.008083 0.001168 0.086828 0.072171 9.808350 
2.001357 -0.000019 0.000064 -0.000208 -0.004183 0.000030 -0.000572 0.000000 0.000000 0.000000 0.007594 0.014927 -0.000699 0.000000 0.000000 0.000000 0.000253 -0.000103 -0.001259 -0.000367 -0.007554 0.000827 0.085373 0.071663 9.808367 
2.199980 -0.000014 0.000072 -0.000046 -0.006667 0.000546 -0.000660 0.000000 0.000000 0.000000 -0.011752 0.003756 -0.000143 0.000000 0.000000 0.000000 0.000197 -0.000024 -0.001276 0.003944 -0.004484 0.000766 0.081237 0.068720 9.808423 
2.400058 -0.000024 0.000075 -0.000294 -0.007792 -0.002787 -0.000707 0.000000 0.000000 0.000000 -0.007621 -0.015554 -0.000161 0.000000 0.000000 0.000000 0.000152 -0.000047 -0.001259 0.002375 0.000146 0.000760 0.082743 0.064282 9.808440 
2.801425 -0.000020 0.000061 -0.000244 -0.002210 0.000750 -0.000523 0.000000 0.000000 0.000000 0.019982 0.017893 0.000904 0.000000 0.000000 0.000000 0.000162 -0.000063 -0.001272 -0.002439 -0.005075 0.000544 0.087354 0.069279 9.808366 
3.000021 -0.000015 0.000066 0.000036 -0.004198 0.000756 -0.000650 0.000000 0.000000 0.000000 -0.008311 0.001202 -0.000956 0.000000 0.000000 0.000000 0.000172 -0.000083 -0.001295 0.001363 -0.002587 0.001158 0.083718 0.066910 9.808415 
3.401439 -0.000023 0.000063 -0.000337 -0.003031 -0.001795 -0.000791 0.000000 0.000000 0.000000 0.005131 -0.008977 -0.000337 0.000000 0.000000 0.000000 0.000144 -0.000141 -0.001275 -0.000660 -0.001411 0.000840 0.085649 0.065784 9.808405 
3.601362 -0.000019 0.000057 -0.000113 -0.001752 -0.001503 -0.001033 0.000000 0.000000 0.000000 0.005593 0.001330 -0.001293 0.000000 0.000000 0.000000 0.000146 -0.000142 -0.001298 -0.000835 -0.002626 0.001222 0.085819 0.066945 9.808396 
4.000137 -0.000022 0.000063 -0.000023 -0.002071 0.001028 -0.000669 0.000000 0.000000 0.000000 -0.003483 0.008454 0.001222 0.000000 0.000000 0.000000 0.000159 -0.000128 -0.001311 -0.000036 -0.003229 0.000668 0.085054 0.067517 9.808399 
4.201512 -0.000018 0.000065 -0.000241 -0.003437 0.000368 -0.000871 0.000000 0.000000 0.000000 -0.007357 -0.002500 -0.000962 0.000000 0.000000 0.000000 0.000140 -0.000126 -0.001298 0.000208 -0.001981 0.001350 0.084827 0.066334 9.808409 
4.401471 -0.000018 0.000055 -0.000117 -0.000271 0.001131 -0.000809 0.000000 0.000000 0.000000 0.012136 0.003987 0.000298 0.000000 0.000000 0.000000 0.000127 -0.000086 -0.001312 -0.002847 -0.002822 0.001062 0.087731 0.067132 9.808378 
4.600200 -0.000019 0.000055 0.000077 -0.000098 0.002015 -0.000838 0.000000 0.000000 0.000000 0.001879 0.004616 -0.000179 0.000000 0.000000 0.000000 0.000129 -0.000118 -0.001330 -0.001322 -0.002819 0.001168 0.086282 0.067130 9.808391 
5.001526 -0.000020 0.000059 -0.000291 -0.001604 0.000545 -0.000872 0.000000 0.000000 0.000000 -0.005808 -0.006411 -0.000088 0.000000 0.000000 0.000000 0.000101 -0.000104 -0.001313 -0.000703 -0.001800 0.001086 0.085695 0.066163 9.808403 
5.201477 -0.000024 0.000062 -0.000226 -0.001784 0.001389 -0.000939 0.000000 0.000000 0.000000 -0.001875 0.004234 -0.000507 0.000000 0.000000 0.000000 0.000116 -0.000115 -0.001320 -0.001106 -0.002623 0.001140 0.086076 0.066942 9.808394 
5.400216 -0.000023 0.000058 -0.000005 -0.000819 0.003025 -0.000916 0.000000 0.000000 0.000000 0.003721 0.007891 0.000147 0.000000 0.000000 0.000000 0.000109 -0.000106 -0.001341 -0.001827 -0.003075 0.000963 0.086757 0.067368 9.808385 
5.600219 -0.000021 0.000055 -0.000053 -0.001766 0.002927 -0.000998 0.000000 0.000000 0.000000 -0.003959 -0.000108 -0.000547 0.000000 0.000000 0.000000 0.000135 -0.000130 -0.001341 -0.000898 -0.002062 0.001085 0.085880 0.066412 9.808399 
5.801552 -0.000020 0.000058 -0.000254 -0.001710 0.002236 -0.001157 0.000000 0.000000 0.000000 -0.000507 -0.003337 -0.001050 0.000000 0.000000 0.000000 0.000135 -0.000130 -0.001331 -0.001338 -0.001726 0.001135 0.086296 0.066095 9.808398 
6.001667 -0.000020 0.000057 -0.000323 -0.000890 0.001670 -0.001120 0.000000 0.000000 0.000000 0.003434 -0.002815 -0.000047 0.000000 0.000000 0.000000 0.000137 -0.000142 -0.001330 -0.001744 -0.001807 0.000898 0.086676 0.066170 9.808394 
6.200227 -0.000023 0.000047 0.000018 0.001260 0.002019 -0.001014 0.000000 0.000000 0.000000 0.009884 0.001745 0.000274 0.000000 0.000000 0.000000 0.000140 -0.000145 -0.001359 -0.002402 -0.002225 0.000760 0.087294 0.066562 9.808386 
6.400232 -0.000018 0.000053 -0.000169 -0.000767 0.002485 -0.001271 0.000000 0.000000 0.000000 -0.008021 0.002460 -0.001777 0.000000 0.000000 0.000000 0.000142 -0.000207 -0.001348 -0.000484 -0.002233 0.000995 0.085495 0.066572 9.808401 
6.601581 -0.000021 0.000061 -0.000267 -0.002107 0.001895 -0.001154 0.000000 0.000000 0.000000 -0.007289 -0.002391 0.000644 0.000000 0.000000 0.000000 0.000158 -0.000205 -0.001345 -0.000620 -0.001710 0.000611 0.085619 0.066080 9.808404 
7.001621 -0.000022 0.000051 -0.000238 -0.000396 0.002235 -0.001290 0.000000 0.000000 0.000000 0.007445 0.001915 -0.000758 0.000000 0.000000 0.000000 0.000161 -0.000206 -0.001355 -0.001697 -0.001976 0.000726 0.086629 0.066328 9.808393 
7.200386 -0.000022 0.000052 -0.000140 -0.001068 0.002387 -0.001579 0.000000 0.000000 0.000000 -0.002481 0.000898 -0.001511 0.000000 0.000000 0.000000 0.000163 -0.000208 -0.001364 -0.001132 -0.001915 0.000848 0.086103 0.066273 9.808398 
7.401629 -0.000019 0.000059 -0.000262 -0.002302 0.002292 -0.001329 0.000000 0.000000 0.000000 -0.006020 -0.000281 0.001520 0.000000 0.000000 0.000000 0.000165 -0.000214 -0.001357 -0.000903 -0.001775 0.000422 0.085885 0.066140 9.808401 
7.601619 -0.000018 0.000055 -0.000124 -0.001398 0.003466 -0.001335 0.000000 0.000000 0.000000 0.003037 0.005560 -0.000134 0.000000 0.000000 0.000000 0.000144 -0.000181 -0.001367 -0.001798 -0.002312 0.000666 0.086720 0.066640 9.808390 
7.801631 -0.000016 0.000061 -0.000205 -0.001249 0.003035 -0.001223 0.000000 0.000000 0.000000 0.000645 -0.001821 0.000757 0.000000 0.000000 0.000000 0.000151 -0.000183 -0.001364 -0.001653 -0.001720 0.000577 0.086585 0.066090 9.808395 
8.000406 -0.000017 0.000055 -0.000049 -0.000728 0.003315 -0.001108 0.000000 0.000000 0.000000 0.002350 0.001126 0.000709 0.000000 0.000000 0.000000 0.000151 -0.000185 -0.001376 -0.001787 -0.001962 0.000627 0.086710 0.066314 9.808393 
8.201639 -0.000016 0.000052 -0.000233 -0.001114 0.003920 -0.001326 0.000000 0.000000 0.000000 -0.001688 0.002794 -0.001536 0.000000 0.000000 0.000000 0.000150 -0.000189 -0.001366 -0.001497 -0.002100 0.000875 0.086443 0.066444 9.808394 
8.401670 -0.000019 0.000056 -0.000128 -0.001094 0.002142 -0.001161 0.000000 0.000000 0.000000 -0.000439 -0.007752 0.001323 0.000000 0.000000 0.000000 0.000159 -0.000187 -0.001375 -0.001619 -0.001263 0.000592 0.086553 0.065669 9.808398 
8.601712 -0.000014 0.000052 0.000036 0.000416 0.004102 -0.001202 0.000000 0.000000 0.000000 0.006132 0.008668 -0.000489 0.000000 0.000000 0.000000 0.000154 -0.000185 -0.001385 -0.002159 -0.002441 0.000835 0.087055 0.066756 9.808387 
8.801642 -0.000019 0.000052 -0.000083 -0.000082 0.002935 -0.001156 0.000000 0.000000 0.000000 -0.002064 -0.005155 0.000339 0.000000 0.000000 0.000000 0.000140 -0.000176 -0.001380 -0.001659 -0.001538 0.000757 0.086593 0.065925 9.808396 
9.001731 -0.000016 0.000052 -0.000015 -0.000566 0.003454 -0.001348 0.000000 0.000000 0.000000 -0.002517 0.002090 -0.001290 0.000000 0.000000 0.000000 0.000154 -0.000176 -0.001386 -0.001650 -0.002015 0.000893 0.086586 0.066363 9.808393 
9.201682 -0.000018 0.000054 -0.000090 -0.000642 0.002694 -0.001085 0.000000 0.000000 0.000000 -0.000862 -0.003393 0.001274 0.000000 0.000000 0.000000 0.000161 -0.000173 -0.001384 -0.001782 -0.001627 0.000496 0.086704 0.066006 9.808395 
9.401736 -0.000013 0.000055 -0.000186 -0.001229 0.004286 -0.001344 0.000000 0.000000 0.000000 -0.002722 0.007566 -0.001778 0.000000 0.000000 0.000000 0.000157 -0.000175 -0.001382 -0.001674 -0.002293 0.000793 0.086608 0.066616 9.808391 
9.601763 -0.000015 0.000057 -0.000111 -0.001809 0.004266 -0.001225 0.000000 0.000000 0.000000 -0.003145 0.000809 0.000644 0.000000 0.000000 0.000000 0.000157 -0.000177 -0.001390 -0.001673 -0.001832 0.000519 0.086604 0.066194 9.808394 
9.801703 -0.000015 0.000056 -0.000190 -0.001876 0.003113 -0.001120 0.000000 0.000000 0.000000 -0.000730 -0.005324 0.000527 0.000000 0.000000 0.000000 0.000156 -0.000176 -0.001387 -0.001834 -0.001454 0.000521 0.086751 0.065850 9.808395 
10.001797 -0.000011 0.000065 -0.000209 -0.002955 0.003965 -0.001036 0.000000 0.000000 0.000000 -0.005476 0.004193 0.000216 0.000000 0.000000 0.000000 0.000177 -0.000170 -0.001389 -0.001631 -0.001938 0.000515 0.086567 0.066290 9.808394 
10.201773 -0.000014 0.000058 -0.000194 -0.001567 0.003273 -0.000985 0.000000 0.000000 0.000000 0.004922 -0.002934 0.000391 0.000000 0.000000 0.000000 0.000165 -0.000193 -0.001392 -0.002264 -0.001540 0.000528 0.087139 0.065929 9.808391 
10.401745 -0.000007 0.000062 -0.000071 -0.001850 0.004983 -0.000889 0.000000 0.000000 0.000000 -0.000846 0.008073 0.000217 0.000000 0.000000 0.000000 0.000178 -0.000185 -0.001400 -0.001955 -0.002131 0.000507 0.086861 0.066462 9.808390 
10.801784 -0.000014 0.000056 0.000025 -0.000954 0.003396 -0.001172 0.000000 0.000000 0.000000 0.002825 -0.007647 -0.000908 0.000000 0.000000 0.000000 0.000188 -0.000186 -0.001412 -0.002146 -0.001424 0.000618 0.087033 0.065827 9.808393 
11.001889 -0.000017 0.000063 -0.000172 -0.002590 0.002819 -0.001049 0.000000 0.000000 0.000000 -0.007405 -0.003284 0.000639 0.000000 0.000000 0.000000 0.000186 -0.000193 -0.001401 -0.001768 -0.001593 0.000479 0.086693 0.065978 9.808395 
11.201800 -0.000009 0.000057 0.000003 -0.000377 0.005311 -0.001073 0.000000 0.000000 0.000000 0.008807 0.011496 -0.000018 0.000000 0.000000 0.000000 0.000200 -0.000209 -0.001411 -0.002586 -0.002339 0.000539 0.087423 0.066643 9.808384 
11.401832 -0.000011 0.000052 0.000015 0.000496 0.004193 -0.001059 0.000000 0.000000 0.000000 0.004456 -0.004012 0.000124 0.000000 0.000000 0.000000 0.000197 -0.000207 -0.001413 -0.002367 -0.001451 0.000546 0.087229 0.065853 9.808391 
11.801867 -0.000012 0.000057 -0.000128 -0.000334 0.003329 -0.001059 0.000000 0.000000 0.000000 -0.004032 -0.001427 0.000124 0.000000 0.000000 0.000000 0.000194 -0.000219 -0.001412 -0.002030 -0.001565 0.000555 0.086929 0.065954 9.808393 
12.001958 -0.000015 0.000054 -0.000103 -0.000814 0.003595 -0.001241 0.000000 0.000000 0.000000 -0.002847 0.000902 -0.000838 0.000000 0.000000 0.000000 0.000189 -0.000216 -0.001418 -0.002086 -0.001665 0.000660 0.086980 0.066042 9.808392 
12.200637 -0.000016 0.000053 0.000124 -0.001281 0.003852 -0.001173 0.000000 0.000000 0.000000 -0.002229 0.001275 0.000566 0.000000 0.000000 0.000000 0.000188 -0.000216 -0.001433 -0.002107 -0.001673 0.000534 0.086997 0.066049 9.808392 
12.401994 -0.000012 0.000064 -0.000097 -0.002480 0.003512 -0.001133 0.000000 0.000000 0.000000 -0.005716 -0.001642 0.000149 0.000000 0.000000 0.000000 0.000185 -0.000213 -0.001425 -0.001954 -0.001533 0.000549 0.086863 0.065926 9.808394 
12.602042 -0.000012 0.000056 -0.000155 -0.000389 0.003892 -0.001111 0.000000 0.000000 0.000000 0.008148 0.001760 -0.000133 0.000000 0.000000 0.000000 0.000189 -0.000222 -0.001423 -0.002681 -0.001709 0.000537 0.087499 0.066081 9.808387 
12.802019 -0.000005 0.000063 -0.000042 -0.000921 0.004940 -0.000749 0.000000 0.000000 0.000000 -0.002094 0.005332 0.001732 0.000000 0.000000 0.000000 0.000191 -0.000215 -0.001427 -0.002248 -0.001845 0.000398 0.087121 0.066199 9.808390 
13.202052 -0.000007 0.000060 -0.000064 -0.001419 0.005319 -0.001098 0.000000 0.000000 0.000000 -0.000960 -0.000446 -0.001816 0.000000 0.000000 0.000000 0.000181 -0.000218 -0.001430 -0.002291 -0.001657 0.000601 0.087160 0.066036 9.808390 
13.403282 -0.000007 0.000053 -0.000240 -0.000529 0.005732 -0.001035 0.000000 0.000000 0.000000 0.003777 0.002043 0.000365 0.000000 0.000000 0.000000 0.000180 -0.000216 -0.001422 -0.002457 -0.001740 0.000364 0.087301 0.066107 9.808389 
13.603314 -0.000010 0.000060 0.000039 -0.001810 0.004932 -0.001188 0.000000 0.000000 0.000000 -0.005224 -0.003495 -0.001000 0.000000 0.000000 0.000000 0.000182 -0.000221 -0.001438 -0.002063 -0.001491 0.000452 0.086962 0.065893 9.808393 
13.802176 -0.000006 0.000059 0.000091 -0.000273 0.005866 -0.000856 0.000000 0.000000 0.000000 0.006734 0.004570 0.001821 0.000000 0.000000 0.000000 0.000194 -0.000239 -0.001439 -0.002553 -0.001812 0.000271 0.087381 0.066168 9.808388 
14.002201 -0.000005 0.000062 -0.000030 -0.002490 0.006058 -0.001165 0.000000 0.000000 0.000000 -0.008684 0.001323 -0.001920 0.000000 0.000000 0.000000 0.000185 -0.000200 -0.001435 -0.001912 -0.001671 0.000532 0.086836 0.066048 9.808393 
14.202165 -0.000013 0.000061 -0.000171 -0.002237 0.005787 -0.001438 0.000000 0.000000 0.000000 -0.000377 -0.000856 -0.001094 0.000000 0.000000 0.000000 0.000184 -0.000206 -0.001430 -0.002306 -0.001564 0.000505 0.087171 0.065957 9.808391 
14.403368 -0.000017 0.000050 -0.000129 -0.000409 0.004456 -0.001567 0.000000 0.000000 0.000000 0.007727 -0.006375 -0.000680 0.000000 0.000000 0.000000 0.000188 -0.000204 -0.001434 -0.002695 -0.001331 0.000457 0.087502 0.065758 9.808389 
14.602312 -0.000016 0.000052 -0.000002 -0.000276 0.004425 -0.001334 0.000000 0.000000 0.000000 0.001610 -0.000554 0.001520 0.000000 0.000000 0.000000 0.000186 -0.000207 -0.001440 -0.002417 -0.001589 0.000310 0.087265 0.065977 9.808390 
14.802280 -0.000015 0.000058 0.000053 -0.001091 0.004972 -0.001171 0.000000 0.000000 0.000000 -0.003605 0.002723 0.000844 0.000000 0.000000 0.000000 0.000190 -0.000203 -0.001443 -0.002216 -0.001704 0.000371 0.087096 0.066074 9.808391 
15.203402 -0.000018 0.000050 -0.000145 0.000323 0.004099 -0.001282 0.000000 0.000000 0.000000 0.005280 -0.004052 -0.000133 0.000000 0.000000 0.000000 0.000193 -0.000200 -0.001435 -0.002525 -0.001507 0.000438 0.087356 0.065910 9.808390 
15.402090 -0.000014 0.000055 0.000050 -0.000075 0.004283 -0.001224 0.000000 0.000000 0.000000 -0.001331 0.000554 0.000404 0.000000 0.000000 0.000000 0.000190 -0.000205 -0.001444 -0.002344 -0.001638 0.000421 0.087205 0.066019 9.808390 
15.602100 -0.000011 0.000052 0.000062 0.000896 0.004624 -0.001016 0.000000 0.000000 0.000000 0.003657 0.001624 0.000894 0.000000 0.000000 0.000000 0.000192 -0.000211 -0.001445 -0.002554 -0.001677 0.000371 0.087379 0.066051 9.808388 
15.802091 -0.000011 0.000051 -0.000248 0.000367 0.005394 -0.001274 0.000000 0.000000 0.000000 -0.002279 0.003696 -0.001450 0.000000 0.000000 0.000000 0.000196 -0.000204 -0.001435 -0.002323 -0.001758 0.000518 0.087189 0.066119 9.808390 
16.202109 -0.000015 0.000047 -0.000033 0.001571 0.006184 -0.001408 0.000000 0.000000 0.000000 0.004493 0.001552 -0.000097 0.000000 0.000000 0.000000 0.000197 -0.000202 -0.001448 -0.002571 -0.001674 0.000445 0.087393 0.066049 9.808388 
16.402191 -0.000013 0.000051 -0.000115 0.000490 0.006229 -0.001544 0.000000 0.000000 0.000000 -0.004473 0.000183 -0.000773 0.000000 0.000000 0.000000 0.000197 -0.000208 -0.001446 -0.002323 -0.001640 0.000477 0.087190 0.066022 9.808390 
16.602171 -0.000006 0.000059 -0.000061 0.000161 0.007227 -0.001221 0.000000 0.000000 0.000000 -0.002506 0.004898 0.001628 0.000000 0.000000 0.000000 0.000197 -0.000210 -0.001451 -0.002427 -0.001803 0.000304 0.087273 0.066154 9.808389 
16.803477 -0.000012 0.000051 -0.000284 0.001097 0.005616 -0.001247 0.000000 0.000000 0.000000 0.003812 -0.006996 -0.000550 0.000000 0.000000 0.000000 0.000195 -0.000211 -0.001443 -0.002675 -0.001319 0.000409 0.087476 0.065760 9.808389 
17.202126 -0.000009 0.000048 0.000066 0.001515 0.005739 -0.001264 0.000000 0.000000 0.000000 0.000599 0.002485 0.000125 0.000000 0.000000 0.000000 0.000193 -0.000214 -0.001461 -0.002568 -0.001620 0.000355 0.087390 0.066004 9.808389 
17.402184 -0.000009 0.000053 -0.000139 0.001118 0.007263 -0.001269 0.000000 0.000000 0.000000 -0.001536 0.007337 0.000106 0.000000 0.000000 0.000000 0.000187 -0.000217 -0.001451 -0.002502 -0.001754 0.000389 0.087337 0.066112 9.808388 
17.603546 -0.000013 0.000055 -0.000050 0.001142 0.006672 -0.001370 0.000000 0.000000 0.000000 -0.000423 -0.002314 -0.000260 0.000000 0.000000 0.000000 0.000190 -0.000215 -0.001456 -0.002556 -0.001411 0.000428 0.087381 0.065837 9.808390 
17.802233 -0.000009 0.000053 0.000022 0.000647 0.006298 -0.001323 0.000000 0.000000 0.000000 -0.002726 -0.001708 0.000669 0.000000 0.000000 0.000000 0.000191 -0.000213 -0.001459 -0.002503 -0.001419 0.000414 0.087338 0.065843 9.808390 
18.002225 -0.000009 0.000044 0.000114 0.003201 0.005480 -0.001136 0.000000 0.000000 0.000000 0.010596 -0.003854 0.001226 0.000000 0.000000 0.000000 0.000187 -0.000242 -0.001465 -0.002891 -0.001357 0.000407 0.087646 0.065795 9.808388 
18.202288 -0.000005 0.000041 0.000155 0.004326 0.006769 -0.001270 0.000000 0.000000 0.000000 0.006623 0.005420 -0.001057 0.000000 0.000000 0.000000 0.000176 -0.000245 -0.001468 -0.002728 -0.001733 0.000548 0.087518 0.066091 9.808387 
18.403563 -0.000008 0.000050 0.000069 0.002005 0.006932 -0.001330 0.000000 0.000000 0.000000 -0.009407 0.001166 -0.000381 0.000000 0.000000 0.000000 0.000184 -0.000269 -0.001464 -0.002070 -0.001547 0.000489 0.087000 0.065944 9.808392 
18.602282 -0.000006 0.000046 0.000342 0.003844 0.005643 -0.001223 0.000000 0.000000 0.000000 0.006269 -0.005573 0.000816 0.000000 0.000000 0.000000 0.000191 -0.000249 -0.001478 -0.002717 -0.001268 0.000437 0.087508 0.065726 9.808389 
18.802254 -0.000007 0.000046 0.000153 0.002586 0.005072 -0.001189 0.000000 0.000000 0.000000 -0.005906 -0.003214 -0.000342 0.000000 0.000000 0.000000 0.000194 -0.000242 -0.001473 -0.002363 -0.001355 0.000471 0.087232 0.065792 9.808391 
19.003652 -0.000012 0.000050 0.000006 0.001625 0.004977 -0.001274 0.000000 0.000000 0.000000 -0.004989 -0.000387 -0.000324 0.000000 0.000000 0.000000 0.000199 -0.000244 -0.001467 -0.002394 -0.001434 0.000484 0.087255 0.065854 9.808391 
19.203649 -0.000006 0.000060 -0.000023 -0.001259 0.005065 -0.001295 0.000000 0.000000 0.000000 -0.012542 0.000072 0.000044 0.000000 0.000000 0.000000 0.000198 -0.000252 -0.001465 -0.002091 -0.001463 0.000471 0.087021 0.065876 9.808393 
19.402359 -0.000008 0.000050 0.000246 0.001600 0.006102 -0.001454 0.000000 0.000000 0.000000 0.009928 0.004969 -0.000913 0.000000 0.000000 0.000000 0.000186 -0.000200 -0.001481 -0.003024 -0.001651 0.000542 0.087740 0.066022 9.808385 
19.602339 -0.000008 0.000047 0.000118 0.001954 0.006285 -0.001339 0.000000 0.000000 0.000000 0.003060 0.001541 0.000754 0.000000 0.000000 0.000000 0.000194 -0.000216 -0.001475 -0.002744 -0.001495 0.000430 0.087525 0.065901 9.808388 
19.803638 -0.000011 0.000052 0.000041 0.000891 0.005074 -0.001259 0.000000 0.000000 0.000000 -0.004528 -0.005759 0.000137 0.000000 0.000000 0.000000 0.000194 -0.000220 -0.001473 -0.002477 -0.001251 0.000446 0.087322 0.065714 9.808391 
20.003675 -0.000007 0.000053 0.000213 0.000455 0.006422 -0.001206 0.000000 0.000000 0.000000 -0.002251 0.005701 0.000203 0.000000 0.000000 0.000000 0.000200 -0.000222 -0.001485 -0.002545 -0.001644 0.000437 0.087372 0.066013 9.808389 
20.202349 -0.000001 0.000047 0.000240 0.002493 0.008000 -0.001277 0.000000 0.000000 0.000000 0.007990 0.008230 -0.000485 0.000000 0.000000 0.000000 0.000195 -0.000211 -0.001487 -0.002935 -0.001718 0.000472 0.087668 0.066070 9.808386 
20.402325 -0.000006 0.000052 0.000083 0.000567 0.005363 -0.001029 0.000000 0.000000 0.000000 -0.006878 -0.011098 0.001700 0.000000 0.000000 0.000000 0.000235 -0.000241 -0.001481 -0.002350 -0.000958 0.000367 0.087228 0.065494 9.808393 
20.602419 -0.000002 0.000051 -0.000066 0.000379 0.006770 -0.001204 0.000000 0.000000 0.000000 -0.001972 0.005221 -0.001468 0.000000 0.000000 0.000000 0.000200 -0.000231 -0.001475 -0.002556 -0.001600 0.000535 0.087382 0.065978 9.808389 
20.803695 -0.000005 0.000059 0.000008 -0.001356 0.006415 -0.001174 0.000000 0.000000 0.000000 -0.008316 -0.001897 0.000531 0.000000 0.000000 0.000000 0.000198 -0.000230 -0.001477 -0.002376 -0.001402 0.000459 0.087247 0.065829 9.808391 
21.202350 -0.000007 0.000056 0.000123 -0.000118 0.004579 -0.001168 0.000000 0.000000 0.000000 0.005999 -0.004949 -0.000234 0.000000 0.000000 0.000000 0.000197 -0.000242 -0.001483 -0.002719 -0.001319 0.000489 0.087502 0.065767 9.808389 
21.402396 -0.000012 0.000056 -0.000095 -0.000747 0.004191 -0.001321 0.000000 0.000000 0.000000 -0.001892 -0.002027 -0.000971 0.000000 0.000000 0.000000 0.000193 -0.000250 -0.001473 -0.002530 -0.001379 0.000509 0.087363 0.065811 9.808390 
21.802377 -0.000014 0.000054 0.000126 -0.000033 0.005037 -0.001271 0.000000 0.000000 0.000000 -0.001430 0.002984 -0.000301 0.000000 0.000000 0.000000 0.000187 -0.000249 -0.001482 -0.002655 -0.001513 0.000410 0.087454 0.065909 9.808389 
22.002452 -0.000032 0.000041 -0.000963 0.002308 0.000477 -0.001048 0.000000 0.000000 0.000000 -0.041863 -0.022112 0.001654 0.000000 0.000000 0.000000 0.000195 -0.000260 -0.001523 -0.003451 -0.000920 0.000162 0.088030 0.065475 9.808386 
22.203825 -0.000028 0.000005 -0.003055 0.010874 0.004942 -0.000709 0.000000 0.000000 0.000000 -0.026683 0.020673 0.012668 0.000000 0.000000 0.000000 0.000122 -0.000104 -0.001463 -0.007338 -0.002349 0.000377 0.090882 0.066453 9.808354 
22.403810 -0.000024 -0.000148 -0.005362 0.058059 0.014458 -0.000659 0.000000 0.000000 0.000000 0.212092 0.044898 -0.001993 0.000000 0.000000 0.000000 0.000077 0.000231 -0.001455 -0.014822 -0.003558 0.001310 0.096361 0.067032 9.808298 
22.602453 -0.000039 -0.000202 -0.002490 0.077933 0.017829 -0.000662 0.000000 0.000000 0.000000 0.153797 0.029318 -0.010206 0.000000 0.000000 0.000000 0.000078 0.000246 -0.001489 -0.011062 -0.002247 0.000747 0.093562 0.066349 9.808329 
22.802424 -0.000071 -0.000245 -0.000699 0.077047 0.004140 -0.001028 0.000000 0.000000 0.000000 0.028648 -0.066726 -0.001399 0.000000 0.000000 0.000000 -0.000103 0.000457 -0.001566 -0.007156 0.000473 0.000527 0.090613 0.064632 9.808369 
23.003796 -0.000075 -0.000269 -0.006702 0.092588 0.008679 -0.000985 0.000000 0.000000 0.000000 0.037162 0.014756 -0.006018 0.000000 0.000000 0.000000 0.000055 0.000387 -0.001444 -0.008112 -0.001932 0.000311 0.091363 0.066305 9.808350 
23.203828 -0.000066 -0.000362 -0.009610 0.129931 0.021168 -0.000518 0.000000 0.000000 0.000000 0.121259 0.056238 -0.001009 0.000000 0.000000 0.000000 -0.000017 0.000452 -0.001359 -0.013207 -0.003841 0.000198 0.095108 0.067264 9.808308 
23.602545 -0.000026 -0.000597 -0.009291 0.216384 0.052435 -0.002082 0.000000 0.000000 0.000000 0.293485 0.082051 -0.014490 0.000000 0.000000 0.000000 0.000003 0.000625 -0.001338 -0.015642 -0.004403 -0.000347 0.096872 0.067324 9.808291 
23.803878 -0.000063 -0.000608 -0.004440 0.215688 0.030741 -0.001953 0.000000 0.000000 0.000000 0.000316 -0.116777 0.001563 0.000000 0.000000 0.000000 -0.000320 0.000996 -0.001403 -0.010981 -0.000504 -0.002055 0.093080 0.065415 9.808340 
24.203901 -0.000171 -0.000849 -0.008666 0.290914 0.028349 -0.001681 0.000000 0.000000 0.000000 0.219600 0.030515 -0.030399 0.000000 0.000000 0.000000 0.000076 0.000444 -0.001254 -0.016717 -0.003679 -0.003030 0.097263 0.066997 9.808289 
24.403891 -0.000110 -0.001044 -0.007324 0.350477 0.031715 -0.001707 0.000000 0.000000 0.000000 0.271314 0.023174 -0.002779 0.000000 0.000000 0.000000 0.000105 0.000476 -0.001379 -0.018549 -0.003490 -0.003018 0.098491 0.066684 9.808279 
24.602551 -0.000159 -0.001179 -0.009808 0.386505 0.022573 -0.002367 0.000000 0.000000 0.000000 0.183084 -0.042322 0.020367 0.000000 0.000000 0.000000 0.000020 0.000522 -0.001393 -0.016440 -0.001449 -0.003139 0.096787 0.065599 9.808303 
24.803866 -0.000170 -0.001336 -0.013026 0.436221 0.018053 -0.002274 0.000000 0.000000 0.000000 0.239227 -0.021901 -0.010627 0.000000 0.000000 0.000000 0.000131 0.000364 -0.001343 -0.017881 -0.002067 -0.001159 0.097934 0.065787 9.808290 
25.003978 -0.000207 -0.001549 -0.016061 0.503729 0.028488 -0.001563 0.000000 0.000000 0.000000 0.327856 0.039480 0.021453 0.000000 0.000000 0.000000 0.000300 0.000134 -0.001378 -0.019728 -0.004051 -0.002482 0.099470 0.066678 9.808269 
25.202607 -0.000186 -0.001716 -0.016498 0.550666 0.029333 -0.001144 0.000000 0.000000 0.000000 0.240830 0.009422 0.029347 0.000000 0.000000 0.000000 0.000145 0.000322 -0.001394 -0.017311 -0.002601 -0.000207 0.097677 0.066349 9.808289 
25.402643 -0.000217 -0.001834 -0.017147 0.601273 0.022931 -0.002364 0.000000 0.000000 0.000000 0.255794 -0.025518 -0.011922 0.000000 0.000000 0.000000 0.000110 0.000409 -0.001345 -0.017350 -0.001602 0.001549 0.097504 0.065696 9.808295 
25.604013 -0.000276 -0.002103 -0.019317 0.679656 0.032214 -0.002374 0.000000 0.000000 0.000000 0.373603 0.049089 0.016153 0.000000 0.000000 0.000000 0.000187 0.000375 -0.001290 -0.020328 -0.004408 0.002770 0.100154 0.066618 9.808262 
25.803977 -0.000298 -0.002278 -0.017835 0.739076 0.026163 -0.001770 0.000000 0.000000 0.000000 0.290555 -0.043245 0.005324 0.000000 0.000000 0.000000 0.000173 0.000444 -0.001312 -0.018708 -0.002647 0.003004 0.098669 0.066024 9.808282 
26.002615 -0.000265 -0.002355 -0.019208 0.783061 0.017009 -0.000321 0.000000 0.000000 0.000000 0.219299 -0.052801 -0.025698 0.000000 0.000000 0.000000 0.000144 0.000455 -0.001330 -0.017661 -0.002511 0.003332 0.098031 0.066251 9.808286 
26.202651 -0.000267 -0.002620 -0.021979 0.867328 0.015531 -0.002330 0.000000 0.000000 0.000000 0.399780 -0.006616 0.007446 0.000000 0.000000 0.000000 0.000325 0.000099 -0.001329 -0.022377 -0.005145 0.001494 0.101481 0.066386 9.808250 
26.404000 -0.000322 -0.002870 -0.026061 0.956025 0.028832 -0.002409 0.000000 0.000000 0.000000 0.453531 0.060202 -0.015118 0.000000 0.000000 0.000000 0.000461 0.000031 -0.001309 -0.023203 -0.007757 0.003151 0.102925 0.067596 9.808227 
26.603940 -0.000314 -0.003052 -0.026970 1.014908 0.035019 -0.001687 0.000000 0.000000 0.000000 0.303201 0.037401 -0.007091 0.000000 0.000000 0.000000 0.000388 0.000399 -0.001288 -0.019199 -0.005809 0.003426 0.100005 0.068059 9.808254 
26.802707 -0.000328 -0.003305 -0.028073 1.093599 0.043888 -0.001374 0.000000 0.000000 0.000000 0.377251 0.050927 0.047827 0.000000 0.000000 0.000000 0.000340 0.000172 -0.001293 -0.021065 -0.006314 0.006524 0.101411 0.067488 9.808244 
27.204053 -0.000428 -0.003842 -0.028296 1.271572 0.032900 -0.001628 0.000000 0.000000 0.000000 0.455396 -0.051247 0.019415 0.000000 0.000000 0.000000 0.000205 0.000042 -0.001325 -0.023346 -0.004933 0.009517 0.102103 0.065746 9.808248 
27.404039 -0.000459 -0.004176 -0.031123 1.360640 0.027379 -0.001375 0.000000 0.000000 0.000000 0.438887 -0.032571 0.005437 0.000000 0.000000 0.000000 0.000220 -0.000020 -0.001353 -0.022929 -0.005328 0.011405 0.102184 0.066107 9.808245 
27.602730 -0.000450 -0.004406 -0.033489 1.446157 0.040703 -0.002765 0.000000 0.000000 0.000000 0.439761 0.071201 -0.006884 0.000000 0.000000 0.000000 0.000375 0.000004 -0.001291 -0.021616 -0.007790 0.012592 0.102763 0.067845 9.808227 
27.804051 -0.000595 -0.004629 -0.034552 1.535893 0.043178 -0.002909 0.000000 0.000000 0.000000 0.443142 -0.006897 0.030831 0.000000 0.000000 0.000000 0.000337 -0.000016 -0.001350 -0.021724 -0.007197 0.014629 0.102707 0.067459 9.808230 
28.204131 -0.000750 -0.005335 -0.039692 1.745712 0.042717 -0.003808 0.000000 0.000000 0.000000 0.558420 -0.008214 0.015995 0.000000 0.000000 0.000000 0.000375 -0.000128 -0.001225 -0.023690 -0.007778 0.014603 0.103844 0.066723 9.808223 
28.404087 -0.000699 -0.005623 -0.041573 1.838601 0.055200 -0.002906 0.000000 0.000000 0.000000 0.471620 0.068258 0.028815 0.000000 0.000000 0.000000 0.000432 -0.000174 -0.001272 -0.021204 -0.008163 0.018511 0.103327 0.068060 9.808220 
28.602795 -0.000826 -0.005815 -0.042982 1.913407 0.048203 -0.005617 0.000000 0.000000 0.000000 0.391072 -0.012589 -0.011883 0.000000 0.000000 0.000000 0.000079 -0.000010 -0.001279 -0.020250 -0.004302 0.017982 0.100748 0.067208 9.808252 
28.804094 -0.000980 -0.006003 -0.045635 2.019271 0.047277 -0.005149 0.000000 0.000000 0.000000 0.539330 -0.014661 0.000914 0.000000 0.000000 0.000000 0.000233 -0.000248 -0.001311 -0.022934 -0.006005 0.020839 0.102888 0.066154 9.808237 
29.005471 -0.000991 -0.006161 -0.046915 2.120038 0.036534 -0.006238 0.000000 0.000000 0.000000 0.503117 -0.044832 0.026086 0.000000 0.000000 0.000000 0.000167 -0.000096 -0.001213 -0.023060 -0.005026 0.020274 0.102318 0.065756 9.808246 
29.204183 -0.001032 -0.006475 -0.048191 2.230476 0.053746 -0.007896 0.000000 0.000000 0.000000 0.587991 0.099824 -0.032448 0.000000 0.000000 0.000000 0.000488 -0.000154 -0.001185 -0.021933 -0.008349 0.019598 0.103856 0.067507 9.808218 
29.402813 -0.001039 -0.006833 -0.049724 2.328696 0.053248 -0.008532 0.000000 0.000000 0.000000 0.507170 -0.015004 -0.018323 0.000000 0.000000 0.000000 0.000051 0.000163 -0.001295 -0.021177 -0.004567 0.017323 0.101137 0.067070 9.808249 
29.604161 -0.001174 -0.007066 -0.054589 2.416067 0.044444 -0.012029 0.000000 0.000000 0.000000 0.442671 -0.051011 -0.012730 0.000000 0.000000 0.000000 -0.000073 0.000422 -0.001249 -0.019442 -0.002423 0.016698 0.099286 0.067634 9.808264 
30.002908 -0.001276 -0.007535 -0.055978 2.616793 0.053145 -0.011912 0.000000 0.000000 0.000000 0.576408 0.043342 0.011273 0.000000 0.000000 0.000000 0.000064 0.000464 -0.001206 -0.019180 -0.002817 0.013576 0.099256 0.068134 9.808261 
30.202893 -0.001305 -0.007814 -0.055034 2.667578 0.046811 -0.010984 0.000000 0.000000 0.000000 0.273265 -0.042153 -0.017004 0.000000 0.000000 0.000000 -0.000650 0.002808 -0.001294 -0.015103 0.001522 0.012733 0.095581 0.069992 9.808285 
30.604285 -0.001356 -0.008083 -0.060591 2.807140 0.030747 -0.012942 0.000000 0.000000 0.000000 0.428367 -0.031884 -0.000283 0.000000 0.000000 0.000000 -0.000767 0.002384 -0.001372 -0.016730 0.000477 0.012062 0.096507 0.069176 9.808281 
31.002899 -0.001580 -0.008522 -0.056917 2.992905 0.028132 -0.009057 0.000000 0.000000 0.000000 0.595575 -0.005958 -0.003399 0.000000 0.000000 0.000000 -0.000901 0.004078 -0.001377 -0.013657 0.002324 0.013537 0.094832 0.070865 9.808286 
31.204229 -0.001534 -0.008569 -0.056853 2.915799 0.041896 -0.010198 0.000000 0.000000 0.000000 -0.358178 0.052516 -0.002944 0.000000 0.000000 0.000000 -0.001003 0.010223 -0.001364 0.003139 0.010818 0.011988 0.085951 0.079604 9.808300 
31.404230 -0.001425 -0.008352 -0.056260 2.880019 0.050275 -0.009834 0.000000 0.000000 0.000000 -0.192760 0.047332 0.000538 0.000000 0.000000 0.000000 -0.001000 0.009484 -0.001402 -0.001136 0.008722 0.011899 0.088123 0.077394 9.808299 
31.604214 -0.001444 -0.008370 -0.056503 2.876206 0.036195 -0.009676 0.000000 0.000000 0.000000 -0.015597 -0.064916 -0.000147 0.000000 0.000000 0.000000 -0.001312 0.008966 -0.001379 -0.006203 0.009467 0.011872 0.088733 0.074099 9.808319 
31.804303 -0.001469 -0.008443 -0.056776 2.888982 0.033755 -0.009531 0.000000 0.000000 0.000000 0.078849 -0.005017 0.001238 0.000000 0.000000 0.000000 -0.001147 0.008753 -0.001374 -0.007051 0.007610 0.011811 0.090048 0.073980 9.808308 
32.004285 -0.001510 -0.008489 -0.057359 2.900979 0.039989 -0.009787 0.000000 0.000000 0.000000 0.082205 0.058142 -0.001836 0.000000 0.000000 0.000000 -0.001089 0.008804 -0.001371 -0.006080 0.007515 0.011896 0.089909 0.074587 9.808304 
32.404384 -0.001499 -0.008301 -0.061181 2.865884 0.000907 -0.011258 0.000000 0.000000 0.000000 -0.152731 -0.110333 0.005764 0.000000 0.000000 0.000000 -0.002356 0.009543 -0.001279 -0.005342 0.014870 0.012052 0.085205 0.073662 9.808353 
32.603038 -0.001569 -0.008376 -0.059177 2.877768 -0.038206 -0.009051 0.000000 0.000000 0.000000 0.061265 -0.168808 0.021874 0.000000 0.000000 0.000000 -0.002470 0.009021 -0.001315 -0.009358 0.014453 0.012226 0.086095 0.071147 9.808364 
32.804428 -0.001713 -0.008436 -0.058608 2.893373 -0.076298 -0.009676 0.000000 0.000000 0.000000 0.094846 -0.197284 0.019346 0.000000 0.000000 0.000000 -0.002495 0.008999 -0.001291 -0.009610 0.014947 0.015265 0.086081 0.070821 9.808367 
33.004474 -0.001791 -0.008511 -0.059307 2.893825 -0.112660 -0.010720 0.000000 0.000000 0.000000 0.033866 -0.157517 0.026986 0.000000 0.000000 0.000000 -0.002526 0.009244 -0.001244 -0.007170 0.016228 0.018706 0.085121 0.071883 9.808367 
33.404423 -0.002094 -0.008588 -0.055213 2.885468 -0.200786 -0.010222 0.000000 0.000000 0.000000 -0.028444 -0.258585 -0.056030 0.000000 0.000000 0.000000 -0.002433 0.009384 -0.001383 -0.006237 0.018310 0.017595 0.083569 0.072054 9.808379 
33.604490 -0.002120 -0.008538 -0.058437 2.875935 -0.251301 -0.011491 0.000000 0.000000 0.000000 -0.030123 -0.259055 -0.033472 0.000000 0.000000 0.000000 -0.002404 0.009341 -0.001224 -0.005601 0.018351 0.015017 0.083054 0.072434 9.808381 
34.005743 -0.002330 -0.008666 -0.058451 2.894493 -0.327114 -0.010579 0.000000 0.000000 0.000000 0.069517 -0.143697 0.020230 0.000000 0.000000 0.000000 -0.001686 0.008688 -0.001241 -0.006509 0.016176 0.012045 0.084139 0.072442 9.808372 
34.203037 -0.002417 -0.008725 -0.056731 2.897543 -0.372901 -0.010436 0.000000 0.000000 0.000000 0.024199 -0.273679 -0.041980 0.000000 0.000000 0.000000 -0.002045 0.008894 -0.001340 -0.006342 0.017528 0.010635 0.083098 0.072355 9.808381 
34.403146 -0.002457 -0.008682 -0.058674 2.889875 -0.422899 -0.008499 0.000000 0.000000 0.000000 -0.007442 -0.266172 0.048858 0.000000 0.000000 0.000000 -0.001994 0.009050 -0.001268 -0.004012 0.017826 0.010906 0.082476 0.073619 9.808377 
34.604574 -0.002517 -0.008677 -0.059661 2.901129 -0.454585 -0.009533 0.000000 0.000000 0.000000 0.074871 -0.168283 -0.061700 0.000000 0.000000 0.000000 -0.001789 0.008945 -0.001248 -0.003430 0.013695 0.011229 0.084749 0.074786 9.808349 
34.804620 -0.002587 -0.008673 -0.058658 2.897929 -0.486413 -0.012076 0.000000 0.000000 0.000000 -0.045239 -0.137111 -0.016631 0.000000 0.000000 0.000000 -0.001751 0.008958 -0.001235 -0.002034 0.014636 0.010214 0.083841 0.075452 9.808351 
35.004673 -0.002554 -0.008604 -0.055380 2.887244 -0.537509 -0.009262 0.000000 0.000000 0.000000 -0.058277 -0.235122 0.061455 0.000000 0.000000 0.000000 -0.001799 0.008891 -0.001350 -0.002781 0.016109 0.010088 0.083158 0.074735 9.808363 
35.203175 -0.002672 -0.008627 -0.053933 2.882663 -0.585929 -0.009058 0.000000 0.000000 0.000000 -0.014382 -0.239243 0.018315 0.000000 0.000000 0.000000 -0.001703 0.008748 -0.001272 -0.003532 0.016639 0.013603 0.083340 0.074024 9.808367 
35.405782 -0.002747 -0.008607 -0.051279 2.899268 -0.633722 -0.009034 0.000000 0.000000 0.000000 0.083999 -0.230778 0.038928 0.000000 0.000000 0.000000 -0.001627 0.008610 -0.001299 -0.005350 0.015355 0.019475 0.084991 0.073156 9.808359 
35.604704 -0.002851 -0.008735 -0.054109 2.911470 -0.668651 -0.008926 0.000000 0.000000 0.000000 0.066192 -0.184623 -0.010441 0.000000 0.000000 0.000000 -0.001593 0.008563 -0.001298 -0.003790 0.013967 0.020663 0.085379 0.074243 9.808347 
36.003161 -0.002981 -0.008607 -0.053722 2.884703 -0.774094 -0.009243 0.000000 0.000000 0.000000 -0.107458 -0.264596 0.035245 0.000000 0.000000 0.000000 -0.002501 0.009286 -0.001351 -0.002599 0.016927 0.021269 0.083621 0.074112 9.808364 
36.204803 -0.003163 -0.008765 -0.055188 2.887832 -0.838885 -0.008131 0.000000 0.000000 0.000000 0.039804 -0.338858 -0.009472 0.000000 0.000000 0.000000 -0.002687 0.008518 -0.001295 -0.004227 0.016868 0.023961 0.084242 0.073098 9.808366 
36.404480 -0.003326 -0.008859 -0.055298 2.904132 -0.902075 -0.006458 0.000000 0.000000 0.000000 0.091464 -0.316956 0.070509 0.000000 0.000000 0.000000 -0.002455 0.008461 -0.001327 -0.004070 0.015754 0.028200 0.085106 0.073342 9.808357 
36.603193 -0.003381 -0.008835 -0.053020 2.899256 -0.967487 -0.007858 0.000000 0.000000 0.000000 -0.019521 -0.400443 -0.043653 0.000000 0.000000 0.000000 -0.002280 0.008633 -0.001333 -0.000879 0.016240 0.033490 0.084505 0.074711 9.808351 
37.204576 -0.003790 -0.009067 -0.050033 2.914085 -1.126144 -0.007392 0.000000 0.000000 0.000000 0.103891 -0.173917 -0.039401 0.000000 0.000000 0.000000 -0.000792 0.007887 -0.001350 -0.000997 0.013807 0.031371 0.085382 0.075379 9.808339 
37.403237 -0.003895 -0.009161 -0.049593 2.909596 -1.187302 -0.007195 0.000000 0.000000 0.000000 -0.020306 -0.323393 -0.049078 0.000000 0.000000 0.000000 -0.001092 0.008071 -0.001419 -0.000044 0.015725 0.032526 0.084514 0.075131 9.808348 
37.805935 -0.004141 -0.009309 -0.051356 2.936716 -1.299945 -0.010086 0.000000 0.000000 0.000000 0.129341 -0.287725 -0.045042 0.000000 0.000000 0.000000 -0.001083 0.007678 -0.001384 -0.001694 0.013776 0.030090 0.085678 0.075210 9.808337 
38.005972 -0.004311 -0.009300 -0.050972 2.934271 -1.363466 -0.013557 0.000000 0.000000 0.000000 0.002833 -0.306789 0.013988 0.000000 0.000000 0.000000 -0.001034 0.008089 -0.001334 0.000632 0.015009 0.030804 0.084525 0.075815 9.808343 
38.605973 -0.004734 -0.009479 -0.047109 2.946214 -1.534205 -0.015654 0.000000 0.000000 0.000000 0.053432 -0.294701 -0.028658 0.000000 0.000000 0.000000 -0.001159 0.007906 -0.001443 0.001331 0.015198 0.033106 0.084423 0.075912 9.808343 
38.805975 -0.004840 -0.009631 -0.046120 2.929629 -1.598840 -0.017010 0.000000 0.000000 0.000000 -0.104635 -0.349015 0.029794 0.000000 0.000000 0.000000 -0.000993 0.007826 -0.001450 0.002769 0.015570 0.034716 0.084041 0.076195 9.808344 
39.004651 -0.005004 -0.009679 -0.047576 2.936426 -1.655371 -0.019667 0.000000 0.000000 0.000000 0.029415 -0.341630 -0.007292 0.000000 0.000000 0.000000 -0.000687 0.007627 -0.001445 0.001140 0.012584 0.034437 0.085636 0.076450 9.808328 
39.204680 -0.005138 -0.009847 -0.047942 2.957672 -1.725210 -0.021651 0.000000 0.000000 0.000000 0.118404 -0.379463 0.022821 0.000000 0.000000 0.000000 -0.000729 0.007595 -0.001411 -0.001170 0.010737 0.034650 0.087052 0.076079 9.808319 
39.406094 -0.005212 -0.009916 -0.047562 2.955952 -1.794687 -0.019921 0.000000 0.000000 0.000000 0.007763 -0.386847 0.010195 0.000000 0.000000 0.000000 -0.000583 0.007592 -0.001336 0.002517 0.009250 0.032965 0.086446 0.078068 9.808308 
39.606052 -0.005263 -0.009841 -0.044761 2.956619 -1.860298 -0.020121 0.000000 0.000000 0.000000 0.019001 -0.337277 -0.028429 0.000000 0.000000 0.000000 -0.000377 0.007516 -0.001451 0.003751 0.007833 0.029957 0.086325 0.079116 9.808301 
39.804736 -0.005278 -0.009845 -0.041845 2.950509 -1.924770 -0.017362 0.000000 0.000000 0.000000 0.009475 -0.314131 0.028365 0.000000 0.000000 0.000000 -0.000199 0.007596 -0.001471 0.005978 0.008737 0.031365 0.085473 0.079620 9.808304 
40.006022 -0.005497 -0.009878 -0.042150 2.989750 -1.973616 -0.013185 0.000000 0.000000 0.000000 0.197329 -0.235679 0.030769 0.000000 0.000000 0.000000 0.000132 0.007383 -0.001515 0.003502 0.006087 0.032247 0.087194 0.079666 9.808289 
40.206101 -0.005586 -0.010053 -0.041850 2.987124 -2.033047 -0.017106 0.000000 0.000000 0.000000 0.023118 -0.309735 -0.067345 0.000000 0.000000 0.000000 0.000106 0.007365 -0.001566 0.008737 0.009599 0.030609 0.084260 0.080257 9.808310 
40.604745 -0.005785 -0.010119 -0.043356 2.967402 -2.152802 -0.020661 0.000000 0.000000 0.000000 -0.050437 -0.336819 0.037366 0.000000 0.000000 0.000000 0.000043 0.007313 -0.001527 0.010852 0.010548 0.023190 0.082628 0.081245 9.808315 
40.806218 -0.005839 -0.010185 -0.045382 2.974738 -2.211021 -0.018504 0.000000 0.000000 0.000000 0.068620 -0.359394 -0.004943 0.000000 0.000000 0.000000 0.000092 0.007332 -0.001457 0.010391 0.009054 0.025618 0.083417 0.081335 9.808308 
41.006082 -0.006109 -0.010436 -0.045562 2.999733 -2.236106 -0.018508 0.000000 0.000000 0.000000 0.146335 -0.203896 -0.007016 0.000000 0.000000 0.000000 0.000511 0.007284 -0.001460 0.011407 0.001876 0.025424 0.085504 0.083847 9.808269 
41.204815 -0.006008 -0.010403 -0.041921 2.992361 -2.234109 -0.020708 0.000000 0.000000 0.000000 0.069991 -0.008321 -0.016273 0.000000 0.000000 0.000000 0.000259 0.007212 -0.001629 0.019287 -0.002934 0.025543 0.084876 0.087971 9.808238 
41.406133 -0.005957 -0.010351 -0.041706 2.975672 -2.227109 -0.020378 0.000000 0.000000 0.000000 0.030204 0.042215 -0.010345 0.000000 0.000000 0.000000 0.000224 0.007062 -0.001417 0.026545 -0.002108 0.024627 0.082349 0.090144 9.808240 
41.804817 -0.005784 -0.009855 -0.035708 2.869349 -2.247059 -0.019237 0.000000 0.000000 0.000000 -0.389025 -0.090087 -0.001271 0.000000 0.000000 0.000000 -0.000171 0.008029 -0.001621 0.034251 0.001796 0.024067 0.078745 0.091086 9.808261 
42.004876 -0.005883 -0.009797 -0.037754 2.822398 -2.241584 -0.019022 0.000000 0.000000 0.000000 -0.214213 0.027448 0.011430 0.000000 0.000000 0.000000 0.000310 0.007637 -0.001590 0.032320 -0.001182 0.023984 0.080088 0.091622 9.808245 
42.204813 -0.005860 -0.009720 -0.034096 2.778128 -2.247351 -0.020409 0.000000 0.000000 0.000000 -0.177843 -0.040377 -0.013597 0.000000 0.000000 0.000000 0.000197 0.007593 -0.001563 0.033138 0.000431 0.023983 0.079462 0.091244 9.808254 
42.406158 -0.005712 -0.009457 -0.031926 2.718621 -2.239919 -0.022872 0.000000 0.000000 0.000000 -0.266980 0.025388 -0.007186 0.000000 0.000000 0.000000 0.000206 0.007526 -0.001544 0.037039 -0.001361 0.023229 0.078367 0.092642 9.808249 
42.606144 -0.005681 -0.009211 -0.028772 2.640272 -2.234106 -0.023682 0.000000 0.000000 0.000000 -0.380259 0.017764 -0.012786 0.000000 0.000000 0.000000 0.000211 0.007627 -0.001633 0.040242 -0.001225 0.020531 0.076972 0.093204 9.808255 
42.804704 -0.005675 -0.009146 -0.029960 2.594250 -2.233004 -0.023720 0.000000 0.000000 0.000000 -0.178086 0.006138 0.038496 0.000000 0.000000 0.000000 0.000170 0.007436 -0.001593 0.038169 -0.001044 0.021642 0.077786 0.092847 9.808252 
43.004572 -0.005661 -0.009078 -0.027223 2.557186 -2.224046 -0.023719 0.000000 0.000000 0.000000 -0.164981 0.020484 -0.005481 0.000000 0.000000 0.000000 0.000162 0.007443 -0.001692 0.038516 -0.001696 0.022227 0.077729 0.093100 9.808250 
43.205827 -0.005612 -0.008897 -0.025760 2.502947 -2.225972 -0.025741 0.000000 0.000000 0.000000 -0.246877 -0.008636 -0.022604 0.000000 0.000000 0.000000 0.000135 0.007392 -0.001753 0.040843 -0.000124 0.021904 0.076730 0.092766 9.808261 
43.405582 -0.005580 -0.008853 -0.027090 2.439316 -2.235916 -0.025299 0.000000 0.000000 0.000000 -0.273919 -0.061999 0.006601 0.000000 0.000000 0.000000 0.000141 0.007430 -0.001698 0.043354 0.000999 0.021358 0.075708 0.092577 9.808271 
43.604107 -0.005574 -0.008594 -0.024606 2.367523 -2.242398 -0.028597 0.000000 0.000000 0.000000 -0.318516 -0.044618 -0.022656 0.000000 0.000000 0.000000 0.000134 0.007323 -0.001670 0.046724 0.000189 0.021456 0.074558 0.093099 9.808275 
44.005158 -0.005571 -0.008205 -0.018970 2.189428 -2.234325 -0.032219 0.000000 0.000000 0.000000 -0.494031 0.038840 0.012906 0.000000 0.000000 0.000000 0.000378 0.007946 -0.001671 0.048964 -0.000800 0.019822 0.073690 0.093582 9.808277 
44.205040 -0.005473 -0.008021 -0.016451 2.115505 -2.233571 -0.032026 0.000000 0.000000 0.000000 -0.382742 0.005709 0.005492 0.000000 0.000000 0.000000 0.000129 0.007091 -0.001686 0.047175 -0.000274 0.022294 0.074531 0.093370 9.808272 
44.403632 -0.005407 -0.007859 -0.017598 2.082312 -2.230176 -0.032864 0.000000 0.000000 0.000000 -0.166263 0.023783 0.008274 0.000000 0.000000 0.000000 0.000143 0.006748 -0.001676 0.042243 -0.000464 0.023956 0.076303 0.093723 9.808255 
44.604775 -0.005341 -0.007666 -0.016373 2.006830 -2.230747 -0.034303 0.000000 0.000000 0.000000 -0.342729 -0.013857 -0.007679 0.000000 0.000000 0.000000 0.000188 0.006557 -0.001692 0.048893 0.000311 0.025164 0.074039 0.093031 9.808279 
45.003161 -0.005038 -0.007011 -0.011859 1.809536 -2.244806 -0.033691 0.000000 0.000000 0.000000 -0.545508 -0.045882 -0.004569 0.000000 0.000000 0.000000 0.000195 0.007624 -0.001700 0.052906 -0.000068 0.026314 0.072707 0.092810 9.808291 
45.203110 -0.005157 -0.006850 -0.009678 1.739210 -2.240319 -0.036034 0.000000 0.000000 0.000000 -0.371805 0.019378 -0.043882 0.000000 0.000000 0.000000 0.000757 0.006369 -0.001717 0.049983 -0.001092 0.026225 0.073472 0.093587 9.808278 
45.404226 -0.004981 -0.006697 -0.008004 1.668126 -2.238791 -0.037961 0.000000 0.000000 0.000000 -0.348190 0.001334 0.009070 0.000000 0.000000 0.000000 0.000700 0.006295 -0.001759 0.049997 -0.000524 0.023876 0.073499 0.093447 9.808279 
45.604108 -0.004860 -0.006344 -0.008372 1.600372 -2.242718 -0.035138 0.000000 0.000000 0.000000 -0.334900 -0.011439 0.034269 0.000000 0.000000 0.000000 0.000694 0.006328 -0.001683 0.050184 0.000154 0.026705 0.073608 0.093147 9.808282 
45.803962 -0.004856 -0.006254 -0.006549 1.533442 -2.246077 -0.033712 0.000000 0.000000 0.000000 -0.312703 -0.015136 0.047195 0.000000 0.000000 0.000000 0.000725 0.006330 -0.001679 0.051019 -0.000092 0.030344 0.073308 0.093044 9.808285 
46.003807 -0.004844 -0.006028 -0.004911 1.446548 -2.252191 -0.034455 0.000000 0.000000 0.000000 -0.405326 -0.031500 0.015179 0.000000 0.000000 0.000000 0.000745 0.006434 -0.001650 0.053458 -0.000170 0.030934 0.072564 0.092595 9.808295 
46.203670 -0.004720 -0.005811 -0.001515 1.355457 -2.252613 -0.035324 0.000000 0.000000 0.000000 -0.449896 -0.000618 -0.026883 0.000000 0.000000 0.000000 0.000739 0.006433 -0.001637 0.054600 -0.001060 0.031031 0.072032 0.092616 9.808298 
46.403575 -0.004870 -0.005596 0.000696 1.289143 -2.245859 -0.036924 0.000000 0.000000 0.000000 -0.343113 0.043993 0.025974 0.000000 0.000000 0.000000 0.000769 0.006200 -0.001726 0.051198 -0.001365 0.030192 0.072914 0.093543 9.808283 
46.603471 -0.004630 -0.005398 0.000070 1.214505 -2.244316 -0.036338 0.000000 0.000000 0.000000 -0.393373 -0.000229 -0.009279 0.000000 0.000000 0.000000 0.000727 0.006163 -0.001710 0.051820 -0.000644 0.028500 0.072921 0.093198 9.808286 
46.803276 -0.004687 -0.005284 -0.000655 1.162585 -2.251064 -0.035878 0.000000 0.000000 0.000000 -0.217826 -0.050940 0.030730 0.000000 0.000000 0.000000 0.000760 0.006059 -0.001690 0.049915 0.000071 0.029259 0.073632 0.093528 9.808278 
