1667793477.397639 0.0000000 0.0000000 0.0000000 -0.0000000 -0.0000000 -0.0000000 1.0000000
1667793479.330484 -0.0494011 0.0024359 0.0208648 0.0033670 0.1141819 -0.0001019 0.9934542
1667793479.397564 -0.0492196 0.0024521 0.0216679 0.0034761 0.1134637 -0.0003088 0.9935361
1667793479.464653 -0.0488993 0.0022809 0.0223729 0.0030552 0.1136935 -0.0011439 0.9935105
1667793480.001722 -0.0482403 0.0023991 0.0265025 0.0027100 0.1152770 -0.0003839 0.9933296
1667793481.271003 -0.0460946 0.0025856 0.0359780 0.0007081 0.1187795 -0.0001303 0.9929204
1667793481.738009 -0.0450072 0.0026060 0.0396518 0.0026829 0.1200274 -0.0009370 0.9927666
1667793482.004871 -0.0431273 0.0027220 0.0429365 0.0014454 0.1256343 -0.0009328 0.9920751
1667793483.072371 -0.0373567 0.0028245 0.0512671 0.0054178 0.2121263 -0.0046190 0.9772164
1667793484.610462 -0.0299074 0.0025786 0.0598071 0.0048058 0.3386914 -0.0082023 0.9408495
1667793485.753010 -0.0242148 0.0022854 0.0668251 0.0065854 0.3540460 -0.0080373 0.9351703
1667793486.152788 -0.0222009 0.0025579 0.0694406 0.0068382 0.3537876 -0.0077483 0.9352687
1667793487.152251 -0.0150636 0.0024750 0.0765419 0.0047411 0.3604265 -0.0065717 0.9327524
1667793487.418762 -0.0131459 0.0024617 0.0782994 0.0058244 0.3734828 -0.0089514 0.9275756
1667793487.618665 -0.0113604 0.0024012 0.0795018 0.0059072 0.3886884 -0.0089430 0.9213070
1667793487.751926 -0.0102508 0.0024757 0.0804065 0.0064579 0.3963079 -0.0078125 0.9180617
1667793488.218300 -0.0070544 0.0022776 0.0834668 0.0067033 0.4073515 -0.0080916 0.9132110
1667793488.751372 -0.0027382 0.0023252 0.0872864 0.0069287 0.4073356 -0.0090677 0.9132072
1667793488.884634 -0.0017005 0.0023024 0.0882752 0.0066777 0.4105693 -0.0086157 0.9117642
1667793489.084517 -0.0000742 0.0022706 0.0898797 0.0064908 0.4074772 -0.0075403 0.9131612
1667793489.550946 0.0038829 0.0023053 0.0931816 0.0062183 0.4092327 -0.0073147 0.9123796
1667793490.283853 0.0100929 0.0022475 0.0986199 0.0051644 0.4147181 -0.0059622 0.9099157
1667793490.617033 0.0131279 0.0021894 0.1011910 0.0044082 0.4129345 -0.0042622 0.9107401
1667793490.950179 0.0161448 0.0022425 0.1036054 0.0036269 0.4169733 -0.0042096 0.9089018
1667793491.150051 0.0177832 0.0022367 0.1052066 0.0042423 0.4160930 -0.0041194 0.9093028
1667793491.349935 0.0195640 0.0022257 0.1066457 0.0044921 0.4192787 -0.0048168 0.9078337
1667793491.549851 0.0211302 0.0021854 0.1080130 0.0050713 0.4156723 -0.0040000 0.9094915
1667793492.016276 0.0249284 0.0022420 0.1110906 0.0070704 0.4190621 -0.0050309 0.9079162
1667793492.149528 0.0260560 0.0021762 0.1120776 0.0063135 0.4194994 -0.0041867 0.9077240
1667793492.482688 0.0284635 0.0021327 0.1144438 0.0040835 0.4137169 -0.0026897 0.9103925
1667793492.682595 0.0297686 0.0021286 0.1158436 0.0036909 0.3960347 -0.0019556 0.9182261
1667793492.949118 0.0310708 0.0019872 0.1179930 0.0031741 0.3719201 -0.0003497 0.9282593
1667793493.082371 0.0319320 0.0019579 0.1190211 0.0032830 0.3602119 -0.0014319 0.9328637
1667793493.348885 0.0333262 0.0020856 0.1212368 0.0033212 0.3408831 0.0001918 0.9400998
1667793493.482165 0.0338617 0.0020056 0.1223841 0.0015343 0.3306273 0.0010198 0.9437596
1667793494.681546 0.0406215 0.0021627 0.1326319 0.0024362 0.2945102 -0.0013918 0.9556442
1667793494.881435 0.0410677 0.0019957 0.1342154 0.0007544 0.2818500 0.0027200 0.9594544
1667793495.081311 0.0422502 0.0022642 0.1363241 0.0009584 0.2669259 0.0014631 0.9637155
1667793495.281175 0.0428779 0.0021321 0.1380342 0.0014885 0.2520632 0.0028446 0.9677054
1667793495.481092 0.0439289 0.0021460 0.1401971 0.0010503 0.2372811 0.0033702 0.9714347
1667793495.680997 0.0449002 0.0023292 0.1422203 0.0016833 0.2326636 0.0013267 0.9725549
1667793496.014145 0.0467882 0.0024387 0.1453632 0.0006521 0.2334722 0.0007050 0.9723630
1667793496.680457 0.0498942 0.0024563 0.1512920 0.0015539 0.2358220 0.0010926 0.9717944
1667793496.946978 0.0509572 0.0026015 0.1537398 0.0014762 0.2364271 -0.0006985 0.9716479
1667793497.146855 0.0514445 0.0024915 0.1553660 0.0010651 0.2261972 0.0012234 0.9740802
1667793497.413378 0.0523270 0.0024384 0.1579987 0.0000718 0.2054692 0.0039998 0.9786555
1667793497.679922 0.0531947 0.0026374 0.1607423 -0.0002659 0.1831771 0.0033692 0.9830741
1667793497.946445 0.0539311 0.0026244 0.1635898 -0.0005497 0.1623820 0.0037921 0.9867206
1667793498.212947 0.0544525 0.0027267 0.1662741 -0.0006832 0.1387971 0.0022878 0.9903179
1667793498.479487 0.0547457 0.0028131 0.1686327 -0.0020369 0.1194200 0.0026847 0.9928381
1667793498.746034 0.0547593 0.0028233 0.1706226 -0.0022965 0.0988202 0.0044866 0.9950926
1667793499.212442 0.0545358 0.0029525 0.1746165 -0.0032135 0.0541856 0.0052669 0.9985119
1667793499.478978 0.0541768 0.0028958 0.1769002 -0.0025128 0.0291299 0.0074653 0.9995446
1667793499.678881 0.0539485 0.0029874 0.1790528 -0.0021690 0.0105198 0.0065463 0.9999209
1667793499.878771 0.0534660 0.0030099 0.1809317 -0.0045905 -0.0153249 0.0082548 0.9998380
1667793500.078650 0.0532524 0.0030906 0.1831101 -0.0035188 -0.0308531 0.0074051 0.9994903
1667793500.278391 0.0527278 0.0031595 0.1851309 -0.0052630 -0.0472129 0.0078881 0.9988399
1667793500.748044 0.0515656 0.0032863 0.1899253 -0.0047955 -0.0809658 0.0079794 0.9966734
1667793500.949473 0.0508191 0.0033651 0.1920027 -0.0051663 -0.0994905 0.0084468 0.9949893
1667793502.419667 0.0442266 0.0039990 0.2102835 -0.0077832 -0.1608249 0.0082081 0.9869182
1667793503.753953 0.0354438 0.0050050 0.2290080 -0.0082987 -0.2402454 0.0106119 0.9706187
1667793504.154236 0.0350987 0.0049879 0.2295410 -0.0088238 -0.2420886 0.0101861 0.9701605
1667793504.687953 0.0325049 0.0051120 0.2317147 -0.0102049 -0.2426953 0.0090583 0.9700066
1667793512.293447 0.0045879 0.0078334 0.3144557 -0.0069994 -0.1431563 0.0088039 0.9896362
1667793512.893885 0.0031217 0.0080907 0.3201792 -0.0074373 -0.1420017 0.0088555 0.9897988
1667793513.894620 0.0027214 0.0092203 0.3364008 -0.0065291 -0.0866364 0.0037597 0.9962115
1667793515.896094 -0.0017638 0.0089553 0.3545116 -0.0063336 -0.0884244 0.0075158 0.9960344
1667793516.296388 -0.0022207 0.0095287 0.3589573 -0.0053517 -0.0862382 0.0052691 0.9962463
1667793518.442950 -0.0063484 0.0100318 0.3817739 -0.0086802 -0.0818427 0.0058626 0.9965902
1667793520.788184 -0.0114964 0.0107523 0.4074340 -0.0099357 -0.1287491 0.0067747 0.9916043
1667793522.261885 -0.0160676 0.0114337 0.4241699 -0.0123866 -0.1270948 0.0064526 0.9917923
1667793522.996336 -0.0181336 0.0119287 0.4327458 -0.0103380 -0.1224879 0.0065153 0.9923948
1667793525.135168 -0.0234568 0.0127882 0.4577421 -0.0094486 -0.1172942 0.0051728 0.9930388
1667793525.667237 -0.0249653 0.0131779 0.4636403 -0.0087423 -0.1135367 0.0061441 0.9934763
1667793530.004582 -0.0333910 0.0142838 0.5058801 -0.0113210 -0.1066859 0.0058807 0.9942110
1667793532.064398 -0.0381520 0.0154926 0.5263789 -0.0114858 -0.1228329 0.0050607 0.9923480
1667793532.527211 -0.0396682 0.0156041 0.5289478 -0.0134761 -0.1331642 0.0076922 0.9909725
1667793534.849697 -0.0498594 0.0168537 0.5509220 -0.0126627 -0.1976975 0.0076612 0.9801514
1667793539.837476 -0.0671933 0.0189381 0.5944198 -0.0137386 -0.1832792 0.0073397 0.9829375
1667793546.800516 -0.0795871 0.0222472 0.6595603 -0.0115534 0.0285992 -0.0012785 0.9995234
1667793547.066768 -0.0789774 0.0219566 0.6634654 -0.0117713 0.0294292 0.0009294 0.9994972
1667793547.798777 -0.0776634 0.0220814 0.6729605 -0.0105848 0.0329322 0.0006698 0.9994013
1667793548.796786 -0.0769085 0.0227598 0.6850707 -0.0112588 0.0317864 0.0008779 0.9994309
1667793549.605263 -0.0764555 0.0230479 0.6935163 -0.0087104 0.0411033 -0.0002596 0.9991169
1667793550.007475 -0.0770532 0.0230350 0.6961912 -0.0080042 0.0412384 -0.0001252 0.9991173
1667793550.206907 -0.0763697 0.0229756 0.7001305 -0.0091705 0.0195879 0.0028393 0.9997621
1667793550.406303 -0.0769074 0.0229178 0.7015099 -0.0106635 -0.0013219 0.0052700 0.9999284
1667793550.605664 -0.0780882 0.0228864 0.7030756 -0.0129479 -0.0284366 0.0054700 0.9994968
1667793552.798955 -0.0875622 0.0248853 0.7257210 -0.0193895 -0.2540559 0.0098821 0.9669446
1667793553.463735 -0.0951664 0.0250185 0.7359978 -0.0190683 -0.2703552 0.0101389 0.9625184
1667793553.663093 -0.0971463 0.0252024 0.7396539 -0.0195726 -0.2690471 0.0086026 0.9628897
1667793554.128410 -0.1004374 0.0256004 0.7449031 -0.0183114 -0.2669643 0.0105968 0.9634742
1667793554.792977 -0.1050287 0.0259448 0.7525462 -0.0166533 -0.2645956 0.0105602 0.9641578
1667793555.058933 -0.1062813 0.0259371 0.7548503 -0.0172544 -0.2663519 0.0108852 0.9636599
1667793555.524206 -0.1080205 0.0259949 0.7584933 -0.0191793 -0.2655030 0.0098493 0.9638689
1667793557.389231 -0.1135383 0.0270045 0.7792674 -0.0176277 -0.1407413 0.0053074 0.9898753
1667793557.724195 -0.1148423 0.0274324 0.7826269 -0.0189940 -0.1406181 0.0061991 0.9898623
1667793562.468773 -0.1239439 0.0289109 0.8166940 -0.0143508 -0.1286092 0.0082928 0.9915568
1667793565.065372 -0.1263472 0.0303912 0.8274018 -0.0480904 -0.1217149 0.0026334 0.9913960
1667793566.469968 -0.1280445 0.0306620 0.8344433 -0.0433189 -0.1182946 0.0050475 0.9920204
1667793568.269080 -0.1298606 0.0309967 0.8423329 -0.0236098 -0.1165585 0.0080531 0.9928705
1667793571.001028 -0.1404470 0.0327574 0.8636775 -0.0315814 -0.2135026 0.0077500 0.9764012
1667793571.467478 -0.1429151 0.0331499 0.8685096 -0.0361860 -0.2171595 0.0064819 0.9754437
1667793571.733992 -0.1440659 0.0334923 0.8713727 -0.0361542 -0.2151239 0.0064387 0.9758961
1667793572.204356 -0.1465158 0.0336898 0.8761674 -0.0327587 -0.2116810 0.0071945 0.9767631
1667793572.474201 -0.1478408 0.0340159 0.8793097 -0.0311317 -0.2092476 0.0076519 0.9773371
1667793572.744182 -0.1491655 0.0342324 0.8823746 -0.0317063 -0.2100379 0.0090486 0.9771371
1667793573.012349 -0.1503828 0.0344477 0.8852455 -0.0323067 -0.2120700 0.0084813 0.9766835
1667793573.278591 -0.1516159 0.0346277 0.8880510 -0.0303768 -0.2086819 0.0092550 0.9774679
1667793573.611336 -0.1532249 0.0348731 0.8917438 -0.0300828 -0.2071511 0.0089712 0.9778052
1667793573.810951 -0.1542439 0.0351255 0.8939079 -0.0304790 -0.2079643 0.0091078 0.9776191
1667793574.145508 -0.1556852 0.0353564 0.8973801 -0.0295111 -0.2050283 0.0084235 0.9782748
1667793574.480727 -0.1572237 0.0356410 0.9007388 -0.0299020 -0.2060454 0.0080133 0.9780527
1667793576.482574 -0.1672681 0.0369652 0.9198371 -0.0260436 -0.2665818 0.0060840 0.9634412
1667793577.015611 -0.1704981 0.0371584 0.9248827 -0.0287003 -0.2906552 0.0070449 0.9563714
1667793577.215530 -0.1719260 0.0373988 0.9268863 -0.0284962 -0.2889743 0.0079519 0.9568796
1667793577.482071 -0.1735505 0.0374803 0.9293672 -0.0276457 -0.2884806 0.0058694 0.9570686
1667793577.748591 -0.1751425 0.0377101 0.9318565 -0.0272598 -0.2877261 0.0082053 0.9572896
1667793578.015115 -0.1768438 0.0378750 0.9345089 -0.0268239 -0.2857765 0.0080072 0.9578874
1667793578.215038 -0.1780899 0.0380587 0.9366833 -0.0297457 -0.2833670 0.0082857 0.9585143
1667793578.548218 -0.1804447 0.0383624 0.9404474 -0.0301357 -0.2819801 0.0072028 0.9589198
1667793578.814738 -0.1823300 0.0385569 0.9433607 -0.0292414 -0.2828084 0.0080232 0.9586970
1667793579.081290 -0.1842597 0.0387984 0.9463902 -0.0295169 -0.2846819 0.0083243 0.9581314
1667793579.347849 -0.1863253 0.0391411 0.9495181 -0.0309610 -0.2804734 0.0098119 0.9593121
1667793579.614388 -0.1882636 0.0394350 0.9526460 -0.0361531 -0.2794947 0.0093229 0.9594211
1667793579.880891 -0.1901793 0.0397526 0.9558412 -0.0379400 -0.2783882 0.0082148 0.9596838
1667793580.147465 -0.1920526 0.0399724 0.9588779 -0.0353895 -0.2797812 0.0098146 0.9593611
1667793580.414020 -0.1939840 0.0402671 0.9621118 -0.0378249 -0.2780757 0.0099751 0.9597623
1667793580.747184 -0.1963874 0.0408126 0.9661123 -0.0403283 -0.2761258 0.0121152 0.9601986
1667793581.013717 -0.1982601 0.0412016 0.9691306 -0.0443164 -0.2750129 0.0110319 0.9603553
1667793581.346905 -0.2007899 0.0414516 0.9731386 -0.0417097 -0.2741190 0.0077558 0.9607596
1667793582.823120 -0.2116826 0.0426087 0.9907131 -0.0214662 -0.2677583 0.0036686 0.9632400
1667793583.224979 -0.2144233 0.0428818 0.9952813 -0.0214944 -0.2672898 0.0029172 0.9633721
1667793583.557734 -0.2166158 0.0430591 0.9989588 -0.0198393 -0.2666520 0.0035148 0.9635823
1667793583.956928 -0.2192149 0.0434205 1.0032603 -0.0214388 -0.2655397 0.0052945 0.9638470
1667793584.422850 -0.2218731 0.0436268 1.0081271 -0.0209896 -0.2621426 0.0036132 0.9647941
1667793584.822110 -0.2244273 0.0439486 1.0124125 -0.0211101 -0.2624239 0.0047252 0.9647102
1667793585.154868 -0.2260352 0.0440788 1.0153518 -0.0206270 -0.2611606 0.0047488 0.9650633
1667793585.421101 -0.2270213 0.0442582 1.0170443 -0.0241240 -0.2631826 0.0035187 0.9644380
1667793586.685527 -0.2272585 0.0442864 1.0175242 -0.0231766 -0.2611517 0.0041219 0.9650107
1667793590.554902 -0.2272537 0.0442621 1.0175023 -0.0232890 -0.2611587 0.0044022 0.9650049
