1791275808.659379 0.0000000 0.0000000 0.0000000 -0.0000000 -0.0000000 -0.0000000 1.0000000
1791275821.400075 0.0059077 -0.0004163 -0.0033410 0.0004953 -0.0051850 0.0017352 0.9999849
1791275821.600099 0.0059894 -0.0003329 -0.0027657 0.0003999 -0.0050463 0.0015363 0.9999861
1791275821.720101 0.0059117 -0.0004080 -0.0033244 0.0005142 -0.0051080 0.0019082 0.9999850
1791275821.800128 0.0060157 -0.0004532 -0.0027527 0.0004306 -0.0050490 0.0017806 0.9999856
1791275822.440166 0.0071713 -0.0002615 -0.0005608 0.0003409 -0.0051892 0.0014572 0.9999854
1791275909.488995 -0.0015749 0.0017427 0.0079277 0.0128832 0.2377040 -0.0083020 0.9712167
1791275909.648994 -0.0015293 0.0017443 0.0080003 0.0180067 0.2254686 -0.0090963 0.9740416
1791275910.289026 -0.0016319 0.0017373 0.0079096 0.0118019 0.2169142 -0.0074384 0.9760910
1791275910.493038 -0.0017026 0.0017395 0.0078068 0.0101247 0.1909267 -0.0064438 0.9815310
1791275910.773049 -0.0016478 0.0017338 0.0078582 0.0086491 0.1555208 -0.0050937 0.9877816
1791275910.893065 -0.0062914 0.0018333 -0.0071989 0.0074468 0.1239437 -0.0036869 0.9922545
1791275913.297196 -0.0026265 0.0020121 0.0059145 -0.0008935 0.0478566 0.0183826 0.9986846
1791275915.177307 0.0012227 0.0024261 0.0154473 0.0042542 0.0423308 -0.0006815 0.9990944
1791275915.537449 0.0009590 0.0024471 0.0149660 0.0035441 0.0280339 -0.0005674 0.9996005
1791275915.857339 -0.0001674 0.0026516 0.0128783 0.0020148 -0.0041113 0.0002608 0.9999895
1791275918.905497 0.0000946 0.0019409 0.0115181 -0.0002645 -0.0435300 0.0007227 0.9990518
