1668742192.933989 0.0000000 0.0000000 0.0000000 -0.0000000 -0.0000000 -0.0000000 1.0000000
1668742194.599916 0.0011286 0.0009709 0.0471374 0.0010650 0.0039120 0.0011841 0.9999911
1668742196.598989 0.0030555 0.0026113 0.1387635 0.0025029 0.0102052 0.0027635 0.9999410
1668742196.732282 0.0033735 0.0027560 0.1458825 0.0028477 0.0114356 0.0024732 0.9999275
1668742196.865569 0.0034999 0.0029834 0.1535342 0.0029913 0.0116146 0.0021331 0.9999259
1668742197.865135 0.0056791 0.0040875 0.2113030 0.0040380 0.0164392 0.0010107 0.9998562
1668742198.731395 0.0077587 0.0054079 0.2618592 0.0020229 0.0211280 0.0005547 0.9997746
1668742199.730963 0.0103145 0.0059425 0.3131844 0.0016921 0.0241926 0.0004342 0.9997059
1668742201.596791 0.0146291 0.0063899 0.3261341 0.0025418 0.0265786 -0.0015183 0.9996424
1668742201.863369 0.0202568 0.0064185 0.3266094 0.0005834 0.0248141 -0.0006510 0.9996917
1668742202.129925 0.0266388 0.0062955 0.3265146 0.0005664 0.0238176 -0.0008245 0.9997159
1668742202.729651 0.0425876 0.0058232 0.3265193 0.0018275 0.0230676 -0.0004667 0.9997321
1668742204.062426 0.0747618 0.0052268 0.3256788 0.0009274 0.0236273 0.0003701 0.9997203
1668742204.395599 0.0829204 0.0048206 0.3259764 0.0003478 0.0225998 0.0011419 0.9997439
1668742204.728793 0.0922428 0.0045312 0.3259956 0.0006660 0.0204076 0.0014999 0.9997904
1668742205.062000 0.1017595 0.0042921 0.3258194 0.0023563 0.0207411 0.0010537 0.9997815
1668742205.395174 0.1135178 0.0040555 0.3253950 0.0019677 0.0222968 0.0008041 0.9997491
1668742205.795005 0.1281441 0.0038377 0.3254065 0.0010564 0.0220549 0.0015437 0.9997550
1668742206.128196 0.1386236 0.0033505 0.3250853 0.0013161 0.0206362 0.0029350 0.9997819
1668742206.527974 0.1524342 0.0032164 0.3252828 0.0016902 0.0200225 0.0018927 0.9997963
1668742206.927836 0.1669466 0.0028078 0.3254934 0.0008519 0.0205703 0.0008431 0.9997877
1668742207.261018 0.1791182 0.0027400 0.3256451 0.0002887 0.0211708 0.0008407 0.9997755
1668742207.594451 0.1910549 0.0026447 0.3257457 0.0005311 0.0201518 0.0007754 0.9997965
1668742207.929976 0.2040060 0.0021280 0.3257090 0.0011823 0.0192195 -0.0000663 0.9998146
1668742208.332937 0.2195924 0.0018052 0.3263148 0.0007608 0.0196673 -0.0013310 0.9998055
1668742208.734902 0.2354711 0.0014209 0.3267118 -0.0014802 0.0178596 -0.0009135 0.9998390
1668742209.068523 0.2474666 0.0014078 0.3265535 -0.0000426 0.0154388 -0.0000552 0.9998809
1668742209.669040 0.2692949 0.0006277 0.3278551 0.0001145 0.0159193 -0.0009972 0.9998728
1668742209.935930 0.2791094 0.0005426 0.3280590 0.0002034 0.0161858 -0.0006739 0.9998688
1668742210.536431 0.2841067 0.0005857 0.3267426 -0.0029170 0.0170781 0.0002930 0.9998499
1668742211.070210 0.2842123 -0.0000772 0.3129844 -0.0012315 0.0139410 0.0014534 0.9999010
1668742211.470543 0.2840766 -0.0003041 0.3019805 -0.0024472 0.0127213 0.0016309 0.9999148
1668742211.737433 0.2835125 -0.0003255 0.2922979 -0.0004731 0.0112676 0.0011266 0.9999358
1668742212.137769 0.2831179 -0.0007345 0.2782661 -0.0007561 0.0098025 0.0002464 0.9999517
1668742212.538104 0.2830641 -0.0012234 0.2647637 -0.0022923 0.0089587 0.0001240 0.9999573
1668742212.938437 0.2824593 -0.0015763 0.2483608 -0.0005856 0.0073882 0.0015306 0.9999714
1668742213.538943 0.2818081 -0.0021458 0.2212797 0.0004065 0.0038686 -0.0001464 0.9999924
1668742214.139312 0.2815005 -0.0029192 0.1942244 -0.0003026 0.0030759 0.0003699 0.9999952
1668742214.672944 0.2812709 -0.0035058 0.1695595 0.0000792 0.0005343 -0.0006449 0.9999996
1668742215.406557 0.2808594 -0.0042919 0.1352947 -0.0001755 -0.0027794 0.0001762 0.9999961
1668742216.140133 0.2807153 -0.0048910 0.1019967 -0.0014376 -0.0042625 -0.0006684 0.9999897
1668742216.873633 0.2808791 -0.0062453 0.0670630 0.0003256 -0.0086882 -0.0002242 0.9999622
1668742217.607038 0.2810669 -0.0069110 0.0319422 -0.0000237 -0.0110276 -0.0002703 0.9999392
1668742219.073702 0.2823475 -0.0077129 -0.0387125 -0.0051897 -0.0161077 0.0022290 0.9998543
1668742219.740302 0.2834664 -0.0080707 -0.0707437 -0.0001193 -0.0205891 -0.0003518 0.9997880
1668742220.540202 0.2845966 -0.0092591 -0.1017305 0.0158389 -0.0206013 0.0011843 0.9996616
1668742221.340072 0.2594483 -0.0085866 -0.1017285 0.0025426 -0.0181039 0.0020368 0.9998308
1668742225.272778 0.1040464 -0.0047712 -0.1101872 -0.0001654 -0.0125893 0.0009142 0.9999204
1668742226.072798 0.0704314 -0.0051587 -0.1123424 0.0015422 -0.0116981 0.0018985 0.9999286
1668742230.273351 -0.0921919 -0.0004106 -0.1160269 0.0021441 -0.0056586 -0.0004489 0.9999816
1668742231.006854 -0.0918756 -0.0017008 -0.1126259 0.0100546 -0.0049606 0.0017062 0.9999357
1668742238.874913 -0.0754352 0.0088773 0.3282869 0.0013729 0.0334297 -0.0007375 0.9994399
1668742240.475199 -0.0662440 0.0098154 0.3714957 0.0029879 0.0374318 -0.0043624 0.9992852
1668742244.148586 0.0270415 0.0072705 0.3684715 0.0022171 0.0325302 -0.0006895 0.9994681
1668742246.753170 0.1212284 0.0049775 0.3659618 0.0012468 0.0299646 0.0009697 0.9995497
1668742249.750103 0.2387628 0.0021847 0.3652572 0.0013401 0.0300293 0.0003182 0.9995481
1668742252.147727 0.2357423 0.0006250 0.2905838 -0.0000604 0.0186832 -0.0002631 0.9998254
1668742253.080182 0.2342015 -0.0000890 0.2554886 -0.0008842 0.0156787 0.0001931 0.9998767
1668742254.079273 0.2324296 -0.0011424 0.2169942 0.0006120 0.0125136 0.0000128 0.9999216
1668742255.078326 0.2313595 -0.0020665 0.1789740 0.0007610 0.0096846 0.0004891 0.9999527
1668742256.143919 0.2299424 -0.0029514 0.1320661 0.0008634 0.0055654 -0.0004083 0.9999841
1668742257.342769 0.2295403 -0.0043324 0.0807479 -0.0014996 0.0014596 0.0005310 0.9999977
1668742261.080679 0.2305776 -0.0074055 -0.0988853 0.0003567 -0.0123903 0.0012742 0.9999224
1668742262.347673 0.2064417 -0.0085382 -0.1162527 0.0008363 -0.0129344 0.0008819 0.9999156
1668742263.347906 0.1596158 -0.0068478 -0.1200481 -0.0003185 -0.0107358 0.0000228 0.9999423
1668742266.215466 0.0302634 -0.0043870 -0.1251764 0.0017387 -0.0076341 0.0017944 0.9999678
1668742267.549283 -0.0290518 -0.0026795 -0.1269210 0.0029004 -0.0048770 -0.0007425 0.9999837
1668742268.749662 -0.0798530 -0.0010272 -0.1265725 0.0035241 -0.0034561 0.0005583 0.9999877
1668742269.885437 -0.0909772 -0.0007725 -0.1173014 0.0091945 -0.0034612 0.0008029 0.9999514
1668742276.957061 -0.0764332 0.0078112 0.2889141 0.0013886 0.0314528 0.0007203 0.9995040
1668742278.022846 -0.0721101 0.0090383 0.3494931 0.0031179 0.0357247 -0.0004626 0.9993567
1668742279.021836 -0.0693242 0.0092683 0.3830633 -0.0002973 0.0370143 -0.0011860 0.9993140
1668742279.954262 -0.0517864 0.0095840 0.3811618 0.0014614 0.0354890 -0.0013926 0.9993681
1668742280.820225 -0.0114935 0.0083942 0.3805577 0.0011025 0.0332957 -0.0012995 0.9994441
1668742281.952534 0.0414970 0.0072440 0.3790216 0.0019080 0.0316049 -0.0018297 0.9994970
1668742282.884948 0.0855478 0.0061788 0.3775141 0.0017422 0.0306369 -0.0010759 0.9995285
1668742283.750830 0.1254771 0.0053394 0.3767989 0.0007070 0.0283454 0.0000240 0.9995980
1668742284.749979 0.1744968 0.0040407 0.3760834 0.0013492 0.0257997 0.0008928 0.9996659
1668742286.285976 0.2480191 0.0016025 0.3747739 0.0017460 0.0248012 -0.0031400 0.9996859
1668742286.955956 0.2748894 0.0014405 0.3756484 0.0031981 0.0243804 -0.0006070 0.9996974
1668742287.622837 0.2763153 0.0018104 0.3739972 0.0003735 0.0252874 0.0009068 0.9996797
1668742288.623238 0.2745298 0.0009649 0.3418368 -0.0011961 0.0202425 0.0001644 0.9997944
1668742290.023828 0.2719308 -0.0005082 0.2749506 -0.0023918 0.0138137 0.0005898 0.9999016
1668742295.492739 0.2676052 -0.0074842 0.0172839 0.0086047 -0.0059079 0.0007608 0.9999452
1668742296.759892 0.2217623 -0.0059622 0.0162106 -0.0002372 -0.0014655 0.0013028 0.9999981
1668742297.960324 0.1655720 -0.0046059 0.0133200 0.0003716 -0.0008084 0.0011785 0.9999989
1668742300.494708 0.0359791 -0.0002842 0.0103852 -0.0018507 0.0022429 0.0005015 0.9999956
1668742303.962680 -0.0701243 0.0036124 0.0634957 0.0007475 0.0130685 0.0005244 0.9999142
1668742304.896392 -0.0678652 0.0043283 0.1189266 0.0022372 0.0181626 0.0005235 0.9998325
1668742305.763385 -0.0656881 0.0045182 0.1681720 0.0024649 0.0214947 0.0009349 0.9997655
1668742306.763834 -0.0627299 0.0061622 0.2266272 0.0030879 0.0262538 0.0004461 0.9996505
1668742307.630990 -0.0592683 0.0072736 0.2769198 0.0020487 0.0312921 0.0006355 0.9995080
1668742308.564721 -0.0557690 0.0088899 0.3255132 0.0002506 0.0338416 -0.0006669 0.9994270
1668742309.898623 -0.0559396 0.0082737 0.3275087 0.0024330 0.0329694 0.0000569 0.9994534
