1668742193.866954 0.0000000 0.0000000 0.0000000 -0.0000000 -0.0000000 -0.0000000 1.0000000
1668742194.999754 0.0002696 0.0013626 0.0384689 -0.0002802 0.0036495 -0.0002492 0.9999933
1668742195.133023 0.0004638 0.0015068 0.0433981 0.0001449 0.0037892 0.0006010 0.9999927
1668742195.332916 0.0006573 0.0017236 0.0511687 0.0012130 0.0047680 0.0003821 0.9999878
1668742195.532797 0.0010003 0.0019673 0.0598629 0.0006809 0.0058638 0.0009771 0.9999821
1668742197.598568 0.0038674 0.0041901 0.1650662 0.0024630 0.0143349 -0.0003519 0.9998941
1668742197.731854 0.0042326 0.0041209 0.1721298 0.0028564 0.0151956 -0.0005817 0.9998803
1668742197.865135 0.0043581 0.0043517 0.1793730 0.0035539 0.0155381 -0.0010715 0.9998724
1668742198.931321 0.0067677 0.0056537 0.2384402 0.0010336 0.0217459 -0.0024055 0.9997601
1668742199.131235 0.0073636 0.0062389 0.2487644 -0.0004532 0.0211100 -0.0024960 0.9997740
1668742199.397768 0.0079485 0.0060893 0.2604680 0.0004305 0.0209808 -0.0012816 0.9997790
1668742200.264077 0.0094054 0.0069771 0.2900350 -0.0070329 0.0229083 -0.0009300 0.9997124
1668742201.530143 0.0119187 0.0067945 0.2881113 0.0029260 0.0254621 -0.0037984 0.9996643
1668742201.730083 0.0154338 0.0067983 0.2884885 0.0011609 0.0240720 -0.0032860 0.9997042
1668742201.930010 0.0195929 0.0067813 0.2886594 0.0005159 0.0233986 -0.0026761 0.9997225
1668742203.062855 0.0465262 0.0056072 0.2881257 0.0016181 0.0223939 -0.0016489 0.9997466
1668742203.262761 0.0511566 0.0056469 0.2880997 0.0016741 0.0226016 -0.0028396 0.9997392
1668742203.529279 0.0580222 0.0053635 0.2880417 0.0006040 0.0231719 -0.0022111 0.9997289
1668742203.795863 0.0637685 0.0052632 0.2880452 0.0004090 0.0235568 -0.0022645 0.9997199
1668742204.395599 0.0771149 0.0050211 0.2882215 0.0002404 0.0219946 -0.0013058 0.9997572
1668742204.928721 0.0912067 0.0044893 0.2877765 0.0013549 0.0211265 -0.0007916 0.9997756
1668742205.195273 0.0992130 0.0042797 0.2875555 0.0023587 0.0206969 -0.0011919 0.9997823
1668742205.461805 0.1085124 0.0039308 0.2875718 0.0014719 0.0211126 -0.0007777 0.9997758
1668742205.728363 0.1178179 0.0038443 0.2875929 0.0008641 0.0215309 -0.0004315 0.9997677
1668742205.994924 0.1259715 0.0036209 0.2877914 0.0006530 0.0205975 0.0009246 0.9997872
1668742206.261464 0.1341289 0.0033630 0.2876645 0.0014329 0.0184604 0.0001688 0.9998286
1668742206.527974 0.1429240 0.0031844 0.2876244 0.0014280 0.0192601 -0.0001134 0.9998135
1668742206.794554 0.1520061 0.0030484 0.2875447 0.0021564 0.0198995 -0.0005049 0.9997995
1668742207.127749 0.1640111 0.0027354 0.2880993 0.0004229 0.0203289 -0.0011437 0.9997926
1668742207.394282 0.1727437 0.0025574 0.2881548 0.0001814 0.0189060 -0.0017274 0.9998198
1668742207.661536 0.1819071 0.0020940 0.2882248 -0.0003620 0.0178545 -0.0019162 0.9998387
1668742207.997112 0.1941771 0.0017660 0.2881662 0.0007567 0.0177864 -0.0027422 0.9998378
1668742208.601454 0.2168691 0.0013195 0.2885312 -0.0011889 0.0180534 -0.0030873 0.9998316
1668742208.868350 0.2261781 0.0009795 0.2886792 -0.0010680 0.0162404 -0.0032530 0.9998623
1668742209.268696 0.2394921 0.0006273 0.2887259 -0.0020790 0.0147311 -0.0020685 0.9998872
1668742209.935930 0.2627288 0.0001169 0.2901086 -0.0002421 0.0151727 -0.0024647 0.9998819
1668742210.269541 0.2673199 0.0000813 0.2900932 -0.0013433 0.0161807 -0.0002700 0.9998682
1668742211.070210 0.2674376 -0.0003942 0.2760401 -0.0014569 0.0131079 -0.0002553 0.9999130
1668742211.403821 0.2673868 -0.0005201 0.2675612 -0.0025431 0.0128602 -0.0000299 0.9999141
1668742211.670711 0.2670636 -0.0009630 0.2587220 -0.0019836 0.0105356 -0.0002897 0.9999425
1668742211.937601 0.2668154 -0.0010517 0.2498807 -0.0002023 0.0099759 -0.0015884 0.9999490
1668742212.204491 0.2666322 -0.0011930 0.2414717 -0.0017151 0.0082460 -0.0013476 0.9999636
1668742212.604826 0.2665709 -0.0015775 0.2283667 -0.0025175 0.0082080 -0.0006865 0.9999629
1668742213.405493 0.2654800 -0.0024801 0.1951384 0.0006802 0.0031986 -0.0019301 0.9999928
1668742213.805776 0.2653121 -0.0026756 0.1787553 -0.0021623 0.0033378 -0.0015528 0.9999909
1668742214.272725 0.2648388 -0.0032568 0.1577466 -0.0000851 0.0010921 -0.0015813 0.9999982
1668742214.672944 0.2649004 -0.0038383 0.1405257 -0.0003963 -0.0004399 -0.0023433 0.9999971
1668742215.073102 0.2647198 -0.0042047 0.1226964 -0.0011617 -0.0017406 -0.0016302 0.9999965
1668742215.539938 0.2644392 -0.0049135 0.1020262 -0.0004356 -0.0051693 -0.0019944 0.9999846
1668742216.206819 0.2646438 -0.0052903 0.0737329 -0.0024427 -0.0059428 -0.0019440 0.9999775
1668742218.140396 0.2654626 -0.0068638 -0.0142213 0.0037382 -0.0150681 -0.0017282 0.9998780
1668742218.673723 0.2662036 -0.0076716 -0.0385493 -0.0021010 -0.0170932 -0.0028535 0.9998477
1668742219.207024 0.2668220 -0.0081801 -0.0607646 -0.0041636 -0.0191960 -0.0010627 0.9998065
1668742219.740302 0.2674916 -0.0089524 -0.0860830 -0.0010009 -0.0215129 -0.0018410 0.9997663
1668742220.340235 0.2689845 -0.0113137 -0.1137799 0.0097040 -0.0239688 0.0004303 0.9996655
1668742220.940149 0.2591378 -0.0099101 -0.1134884 -0.0037947 -0.0192419 0.0033891 0.9998019
1668742222.139935 0.2164489 -0.0087746 -0.1159983 -0.0007009 -0.0176300 0.0006643 0.9998441
1668742226.339494 0.0549338 -0.0043143 -0.1266437 -0.0009165 -0.0102370 -0.0001102 0.9999472
1668742228.072866 -0.0097702 -0.0029805 -0.1293548 0.0011795 -0.0077923 -0.0017882 0.9999673
1668742231.006854 -0.0874991 -0.0015629 -0.1285673 0.0093548 -0.0057964 0.0002106 0.9999394
1668742236.741197 -0.0798869 0.0068998 0.1754684 0.0021564 0.0243594 -0.0015592 0.9996997
1668742237.674705 -0.0767189 0.0079642 0.2261766 0.0017393 0.0290802 -0.0017946 0.9995739
1668742239.074959 -0.0719153 0.0094188 0.3003872 0.0014526 0.0337728 -0.0016923 0.9994271
1668742240.475199 -0.0639008 0.0101366 0.3308747 0.0024189 0.0364111 -0.0058586 0.9993168
1668742245.221458 0.0545294 0.0065556 0.3271450 0.0019071 0.0318357 -0.0032330 0.9994861
1668742251.614874 0.2223925 0.0009559 0.2743848 -0.0008574 0.0202214 -0.0023215 0.9997925
1668742252.214328 0.2215012 0.0003624 0.2524952 -0.0000989 0.0181086 -0.0015400 0.9998348
1668742253.013573 0.2205312 -0.0003773 0.2239131 -0.0018428 0.0142846 -0.0021712 0.9998940
1668742253.679610 0.2195454 -0.0009966 0.2000632 -0.0001772 0.0135953 -0.0017036 0.9999061
1668742254.345690 0.2186339 -0.0015148 0.1767229 -0.0004944 0.0100851 -0.0013546 0.9999481
1668742255.744306 0.2169607 -0.0028416 0.1218192 -0.0011989 0.0068718 -0.0020516 0.9999736
1668742257.142953 0.2163774 -0.0038412 0.0661388 -0.0004846 0.0018239 -0.0024561 0.9999952
1668742261.347423 0.2178256 -0.0090614 -0.1246402 0.0001248 -0.0146236 0.0007209 0.9998928
1668742262.147627 0.2019690 -0.0087495 -0.1281779 -0.0018012 -0.0130386 0.0001103 0.9999134
1668742263.214541 0.1574526 -0.0072327 -0.1310678 -0.0006361 -0.0109249 -0.0012455 0.9999394
1668742266.615544 0.0120002 -0.0037150 -0.1382407 0.0012314 -0.0081164 -0.0012562 0.9999655
1668742267.615988 -0.0301330 -0.0024663 -0.1409284 0.0025591 -0.0056990 -0.0028709 0.9999764
1668742268.416218 -0.0629045 -0.0015613 -0.1416882 0.0019293 -0.0052595 -0.0010083 0.9999838
1668742269.083156 -0.0863504 -0.0009647 -0.1418451 0.0027238 -0.0056500 -0.0020007 0.9999783
1668742269.817960 -0.0867931 -0.0011744 -0.1354424 0.0089949 -0.0051994 -0.0007615 0.9999458
1668742276.823818 -0.0737345 0.0084247 0.2456788 0.0015051 0.0300694 -0.0021602 0.9995444
1668742278.422441 -0.0678308 0.0101850 0.3307903 0.0011819 0.0371041 -0.0028466 0.9993067
1668742278.955232 -0.0672059 0.0097347 0.3418961 -0.0058655 0.0366535 -0.0020511 0.9993087
1668742279.488023 -0.0653706 0.0100733 0.3405276 0.0006836 0.0360874 -0.0047734 0.9993370
1668742280.020880 -0.0477214 0.0096791 0.3401168 0.0005988 0.0340144 -0.0027857 0.9994173
1668742280.553785 -0.0247696 0.0092566 0.3398665 0.0012220 0.0331893 -0.0040202 0.9994403
1668742281.353099 0.0112887 0.0079240 0.3386785 0.0017001 0.0315716 -0.0021182 0.9994978
1668742281.885927 0.0348160 0.0076452 0.3382229 0.0015970 0.0311992 -0.0043096 0.9995027
1668742282.485338 0.0618375 0.0065418 0.3373441 0.0012537 0.0284383 -0.0027841 0.9995909
1668742283.084783 0.0878537 0.0058104 0.3365309 0.0015847 0.0295816 -0.0027656 0.9995573
1668742283.750830 0.1175150 0.0054763 0.3361529 0.0008373 0.0272288 -0.0025097 0.9996257
1668742284.416956 0.1481182 0.0041403 0.3356166 -0.0004558 0.0269656 -0.0004506 0.9996362
1668742285.149665 0.1821399 0.0030312 0.3352568 0.0004531 0.0255524 -0.0023476 0.9996706
1668742285.682250 0.2066113 0.0021757 0.3344677 -0.0004656 0.0239339 -0.0036515 0.9997068
1668742286.151745 0.2273633 0.0016138 0.3343021 -0.0002239 0.0244029 -0.0060584 0.9996838
1668742286.621728 0.2475809 0.0008602 0.3338158 0.0029586 0.0225788 -0.0033163 0.9997352
1668742287.089333 0.2599739 0.0010665 0.3351521 0.0018333 0.0253275 -0.0009238 0.9996771
1668742288.489850 0.2585280 0.0007089 0.3080823 -0.0014930 0.0195408 -0.0021360 0.9998057
1668742289.957131 0.2559125 -0.0007251 0.2432980 -0.0022150 0.0133388 -0.0012525 0.9999078
1668742290.624100 0.2546779 -0.0017534 0.2094972 0.0002023 0.0105842 -0.0013919 0.9999430
1668742291.357674 0.2538435 -0.0026895 0.1725035 -0.0004377 0.0072184 -0.0015006 0.9999728
1668742292.358042 0.2527548 -0.0039408 0.1234226 -0.0003006 0.0025327 -0.0017561 0.9999952
1668742293.158392 0.2521921 -0.0047608 0.0869163 -0.0001151 0.0001837 -0.0026404 0.9999965
1668742294.025458 0.2519459 -0.0054064 0.0500974 -0.0002216 -0.0032431 -0.0019546 0.9999928
1668742296.226357 0.2322377 -0.0061710 -0.0036058 -0.0009135 -0.0048244 -0.0006734 0.9999877
1668742297.026655 0.1973679 -0.0055996 -0.0048062 0.0004375 -0.0045134 -0.0002998 0.9999897
1668742297.893635 0.1597866 -0.0039492 -0.0053759 0.0002984 -0.0017432 -0.0012069 0.9999977
1668742298.760599 0.1171676 -0.0033457 -0.0083147 -0.0000786 0.0010270 -0.0005178 0.9999993
1668742302.695544 -0.0668711 0.0014251 -0.0108191 0.0038996 0.0040750 -0.0017007 0.9999827
1668742304.096068 -0.0666472 0.0038282 0.0479893 -0.0006387 0.0126180 -0.0013437 0.9999193
1668742305.696689 -0.0631090 0.0048208 0.1353806 0.0023560 0.0200455 -0.0003807 0.9997962
1668742306.497045 -0.0607806 0.0059435 0.1793087 0.0028213 0.0227249 -0.0008375 0.9997374
1668742307.097353 -0.0587953 0.0069057 0.2121385 0.0008138 0.0269012 -0.0020006 0.9996358
1668742307.764398 -0.0566408 0.0079290 0.2486559 0.0011634 0.0310084 -0.0012377 0.9995177
1668742308.431334 -0.0546155 0.0086005 0.2823848 0.0011874 0.0329475 -0.0019835 0.9994544
1668742309.298362 -0.0541951 0.0086984 0.2893555 0.0016876 0.0322418 -0.0015443 0.9994775
